500 3.153033E-14 3.833045E-14 2.907397E-15 
1000 -4.193867E-14 1.294104E-13 1.158795E-15 
1500 1.956768E-14 -2.203238E-13 -1.706968E-15 
2000 -1.111611E-14 7.743806E-14 -9.575674E-16 
2500 -2.803313E-15 -4.240774E-13 -1.887379E-15 
3000 -3.969047E-15 4.323000E-13 3.295975E-15 
3500 3.709533E-14 2.747524E-13 -2.060851E-15 
4000 -2.754741E-15 -7.899237E-14 -1.020017E-15 
4500 9.714451E-16 2.523953E-13 2.081668E-16 
5000 1.221245E-15 -1.510181E-13 3.254341E-15 
5500 3.175238E-14 3.507611E-13 -2.803313E-15 
6000 3.133604E-14 9.553469E-14 2.671474E-15 
6500 1.434963E-14 -2.683964E-14 4.066192E-15 
7000 1.309369E-14 1.071365E-13 1.477984E-15 
7500 3.760880E-15 -8.026912E-14 -4.926615E-16 
8000 2.606249E-14 9.112155E-14 -1.290634E-15 
8500 -2.192690E-14 -3.450018E-13 1.276756E-15 
9000 -1.520312E-14 -4.060641E-14 -2.782496E-15 
9500 -3.892719E-15 -2.406408E-13 1.852685E-15 
10000 -9.603429E-15 -4.929390E-14 -7.910339E-16 
10500 -7.364942E-14 1.542377E-13 8.951173E-16 
11000 -9.048318E-15 1.091349E-13 6.938894E-17 
11500 2.853273E-14 -5.097971E-13 9.159340E-16 
12000 -6.991629E-14 6.346867E-13 9.020562E-16 
12500 -9.228729E-15 -1.166844E-13 3.323730E-15 
13000 -3.458345E-14 4.610201E-13 1.131040E-15 
13500 -9.423018E-15 -6.078471E-14 1.318390E-15 
14000 -7.840950E-15 3.009121E-13 1.720846E-15 
14500 -7.369105E-15 5.584422E-14 1.332268E-15 
15000 -2.151057E-15 -2.502165E-14 1.221245E-15 
15500 2.400857E-15 1.566108E-13 3.191891E-16 
16000 2.818579E-14 -4.314188E-13 8.604228E-16 
16500 2.782496E-14 5.252257E-13 8.881784E-16 
17000 -1.058181E-14 3.027301E-13 -4.718448E-16 
17500 -6.543377E-14 -8.909019E-14 3.275158E-15 
18000 1.558476E-14 -4.497513E-13 1.124101E-15 
18500 3.277933E-14 -2.986500E-14 1.131040E-15 
19000 -1.409983E-14 2.107620E-13 3.573530E-15 
19500 -6.966649E-15 -6.171175E-13 -3.816392E-16 
20000 1.612599E-14 -4.687362E-13 -3.538836E-16 
20500 2.806089E-14 9.317547E-14 -2.081668E-16 
21000 7.445433E-15 3.946843E-13 -2.151057E-16 
21500 3.053113E-16 -6.027123E-13 -2.532696E-15 
22000 -3.268913E-14 6.447620E-14 5.551115E-17 
22500 1.086631E-14 -9.279938E-13 -7.910339E-16 
23000 -1.146305E-14 -1.070255E-12 -1.165734E-15 
23500 -9.249546E-14 5.574013E-13 -9.992007E-16 
24000 -8.326673E-17 4.000689E-13 4.996004E-16 
24500 -7.072121E-14 -5.301037E-13 4.073131E-15 
25000 4.748979E-14 6.996487E-13 4.649059E-16 
25500 8.083811E-15 -7.624040E-13 8.534840E-16 
26000 1.776357E-15 6.040446E-13 5.967449E-16 
26500 -9.603429E-15 -4.621303E-14 -9.506285E-16 
27000 4.563017E-14 -3.623768E-13 -3.046174E-15 
27500 -7.341350E-15 -2.303713E-15 -5.551115E-17 
28000 2.470246E-14 3.802514E-14 -1.693090E-15 
28500 2.875478E-14 -1.633138E-13 4.926615E-16 
29000 1.404432E-14 -1.534883E-13 7.632783E-16 
29500 2.703393E-14 -7.607803E-14 1.124101E-15 
30000 -2.566003E-14 1.323941E-14 2.012279E-15 
30500 7.598089E-15 -9.789392E-14 -2.844947E-15 
31000 1.934564E-14 -1.161848E-13 -2.185752E-15 
31500 3.747003E-16 4.443668E-14 1.137979E-15 
32000 6.808443E-14 4.200182E-13 -4.857226E-16 
32500 3.598510E-14 -9.906312E-14 1.332268E-15 
33000 3.847617E-14 -2.298717E-13 6.245005E-16 
33500 -1.509903E-14 -2.296080E-13 2.067790E-15 
34000 -1.820766E-14 1.197722E-13 -2.407796E-15 
34500 -2.761680E-14 3.674838E-14 -4.864165E-15 
35000 1.616762E-14 -5.764833E-13 -2.602085E-15 
35500 -1.267042E-14 9.819923E-14 2.761680E-15 
36000 -7.049916E-15 6.987744E-13 -7.771561E-16 
36500 3.709533E-14 8.039680E-13 -3.608225E-16 
37000 -1.471046E-15 -3.352457E-13 -3.802514E-15 
37500 7.716050E-15 -7.530088E-14 -1.498801E-15 
38000 -7.212980E-14 -1.417685E-13 4.024558E-16 
38500 1.020017E-15 -2.734618E-14 -4.718448E-16 
39000 -7.496781E-14 8.419931E-13 -1.339207E-15 
39500 8.354428E-15 3.502754E-14 -1.609823E-15 
40000 7.105427E-15 3.464173E-13 -2.046974E-15 
40500 -3.941292E-14 1.575809E-12 -3.816392E-16 
41000 -1.873501E-14 1.376399E-13 -7.424616E-16 
41500 3.033684E-14 2.105260E-13 2.359224E-16 
42000 -1.676437E-14 -1.047426E-13 -5.551115E-16 
42500 -8.680556E-15 3.221173E-13 -4.010681E-15 
43000 -2.219058E-14 -6.682155E-14 -1.304512E-15 
43500 -8.451573E-15 1.562084E-13 -4.926615E-16 
44000 -5.107026E-15 -1.903894E-13 2.629841E-15 
44500 -3.913536E-15 -1.273426E-13 -4.302114E-16 
45000 1.720846E-15 -4.051759E-13 -1.110223E-16 
45500 4.474199E-14 4.519163E-13 -1.137979E-15 
46000 -4.274359E-14 -4.526171E-13 -2.629841E-15 
46500 3.001766E-14 -2.621237E-13 -1.887379E-15 
47000 7.452372E-14 3.732570E-13 4.302114E-16 
47500 3.257117E-14 2.765427E-13 4.857226E-16 
48000 -5.842549E-15 -5.545772E-13 -1.665335E-16 
48500 -5.162537E-14 3.568951E-13 -5.689893E-16 
49000 4.521383E-14 3.594347E-14 3.171075E-15 
49500 2.389755E-14 2.574330E-13 -8.604228E-16 
50000 3.150258E-14 -2.504663E-13 1.484923E-15 
50500 1.160183E-14 -1.644795E-13 -2.289835E-15 
51000 1.809664E-14 7.280287E-14 2.407796E-15 
51500 -2.975398E-14 -1.818545E-13 1.283695E-15 
52000 1.637579E-15 9.003909E-14 1.651457E-15 
52500 -4.193867E-14 -5.703771E-14 2.976785E-15 
53000 -1.254552E-14 2.290113E-13 6.938894E-17 
53500 -8.174017E-15 -7.286116E-13 -6.245005E-16 
54000 1.168510E-14 6.582790E-13 -1.325329E-15 
54500 -1.813827E-14 -2.917111E-14 -4.371503E-16 
55000 9.325873E-15 2.125106E-13 5.342948E-16 
55500 -3.538836E-15 -2.824962E-13 -3.587408E-15 
56000 -5.551115E-16 -1.756373E-13 -2.990663E-15 
56500 -3.619327E-14 9.481305E-14 1.519618E-15 
57000 -1.107447E-14 -2.116363E-13 1.762479E-15 
57500 -5.995204E-15 1.519063E-13 -1.547373E-15 
58000 1.439127E-14 -4.526934E-14 5.759282E-16 
58500 8.576473E-15 4.277134E-13 -3.469447E-17 
59000 3.907985E-14 -3.338996E-14 -8.326673E-16 
59500 -1.499079E-13 2.506328E-13 -2.081668E-17 
60000 -1.252193E-13 1.203621E-13 -9.020562E-16 
500 2.775558E-16 1.859624E-15 -1.665335E-15 
1000 -2.775558E-17 -1.942890E-16 9.992007E-16 
1500 2.178813E-15 3.330669E-16 3.053113E-16 
2000 -2.498002E-16 8.743006E-16 5.134781E-16 
2500 -3.885781E-16 2.775558E-16 5.551115E-17 
3000 -6.800116E-16 5.551115E-17 8.881784E-16 
3500 1.318390E-15 -7.494005E-16 4.163336E-16 
4000 -2.331468E-15 2.178813E-15 -3.427814E-15 
4500 3.330669E-16 4.857226E-16 1.429412E-15 
5000 3.469447E-16 -1.540434E-15 3.233525E-15 
5500 1.387779E-17 2.414735E-15 -2.414735E-15 
6000 1.165734E-15 -3.094747E-15 1.373901E-15 
6500 -2.872702E-15 1.748601E-15 2.220446E-16 
7000 -1.998401E-15 -1.221245E-15 2.553513E-15 
7500 6.383782E-16 2.636780E-16 -1.235123E-15 
8000 -9.575674E-16 -7.355228E-16 2.428613E-15 
8500 2.636780E-16 -1.137979E-15 -1.693090E-15 
9000 -7.355228E-16 -2.081668E-16 4.871104E-15 
9500 -1.720846E-15 5.551115E-17 -7.216450E-16 
10000 -7.494005E-16 -3.885781E-16 -2.303713E-15 
10500 -1.582068E-15 -1.151856E-15 1.387779E-17 
11000 -1.096345E-15 1.929013E-15 9.298118E-16 
11500 1.096345E-15 2.636780E-16 1.804112E-16 
12000 -2.220446E-16 -4.440892E-16 -4.440892E-16 
12500 -1.151856E-15 -3.955170E-15 1.817990E-15 
13000 1.484923E-15 -1.040834E-15 -8.187895E-16 
13500 -2.359224E-16 -2.595146E-15 3.469447E-16 
14000 1.179612E-15 -4.302114E-16 -2.081668E-16 
14500 -2.220446E-16 1.484923E-15 1.068590E-15 
15000 8.743006E-16 1.762479E-15 -5.689893E-16 
15500 -4.718448E-16 -3.219647E-15 1.637579E-15 
16000 4.718448E-16 -2.081668E-16 -9.298118E-16 
16500 1.679212E-15 1.429412E-15 -1.901257E-15 
17000 -1.151856E-15 7.077672E-16 8.465451E-16 
500 -1.304512E-15 1.110223E-15 -4.163336E-16 
1000 -9.992007E-16 1.568190E-15 -9.853229E-16 
1500 9.575674E-16 5.134781E-16 6.245005E-16 
2000 2.775558E-16 1.110223E-16 1.665335E-16 
2500 1.207368E-15 -2.622902E-15 -2.234324E-15 
3000 2.428613E-15 -1.235123E-15 1.068590E-15 
3500 1.110223E-16 1.429412E-15 -1.526557E-16 
4000 9.714451E-16 2.040035E-15 -5.412337E-16 
4500 -8.743006E-16 4.996004E-16 -3.747003E-15 
5000 -2.498002E-16 1.290634E-15 -2.081668E-16 
5500 -6.661338E-16 8.326673E-16 -2.109424E-15 
6000 -5.967449E-16 -2.706169E-15 2.844947E-15 
6500 -1.817990E-15 1.942890E-15 1.165734E-15 
7000 -7.077672E-16 1.165734E-15 -1.193490E-15 
7500 1.748601E-15 1.332268E-15 -1.942890E-16 
8000 -1.290634E-15 1.290634E-15 3.372302E-15 
8500 4.440892E-16 1.137979E-15 -3.302913E-15 
9000 -1.110223E-16 3.580469E-15 1.998401E-15 
9500 -4.163336E-16 1.068590E-15 3.594347E-15 
10000 9.714451E-17 -2.220446E-16 1.137979E-15 
10500 -1.679212E-15 1.915135E-15 -1.776357E-15 
11000 -6.522560E-16 5.412337E-16 -9.298118E-16 
11500 -6.661338E-16 -2.123302E-15 2.095546E-15 
12000 -9.714451E-16 -3.788636E-15 -3.747003E-16 
12500 -7.771561E-16 1.929013E-15 1.179612E-15 
13000 -1.762479E-15 -1.346145E-15 -3.261280E-15 
13500 2.498002E-16 -9.714451E-16 1.026956E-15 
14000 2.928213E-15 -2.345346E-15 -3.927414E-15 
14500 4.024558E-16 -6.383782E-16 1.693090E-15 
15000 -8.604228E-16 -4.787837E-15 1.526557E-16 
15500 3.469447E-16 -9.714451E-16 -1.942890E-16 
16000 4.718448E-16 -1.540434E-15 -2.067790E-15 
16500 1.679212E-15 -1.804112E-15 4.718448E-16 
17000 -3.608225E-16 9.853229E-16 2.234324E-15 
500 -1.693090E-15 2.359224E-15 4.163336E-16 
1000 3.747003E-16 9.159340E-16 3.996803E-15 
1500 4.163336E-16 -8.326673E-16 1.360023E-15 
2000 -5.689893E-16 5.412337E-16 5.967449E-16 
2500 5.967449E-16 3.330669E-16 1.304512E-15 
3000 1.651457E-15 -2.761680E-15 7.910339E-16 
3500 -5.273559E-16 -3.275158E-15 3.330669E-16 
4000 5.551115E-17 1.693090E-15 2.137179E-15 
4500 -5.967449E-16 -6.522560E-16 -1.373901E-15 
5000 -2.525757E-15 -5.412337E-16 1.040834E-15 
5500 -9.853229E-16 2.636780E-16 -1.804112E-16 
6000 9.159340E-16 6.938894E-16 -2.137179E-15 
6500 2.498002E-16 3.524958E-15 4.718448E-16 
7000 6.106227E-16 -6.522560E-16 -2.636780E-16 
7500 2.220446E-16 -2.456368E-15 -4.649059E-15 
8000 -2.178813E-15 2.733924E-15 1.096345E-15 
8500 -1.720846E-15 -1.762479E-15 1.040834E-15 
9000 2.955969E-15 -1.776357E-15 -2.664535E-15 
9500 -5.273559E-16 -5.412337E-16 5.134781E-16 
10000 -9.853229E-16 4.274359E-15 -2.331468E-15 
10500 -2.872702E-15 8.604228E-16 8.326673E-17 
11000 -5.551115E-17 -2.289835E-15 -4.204970E-15 
11500 6.938894E-17 -2.622902E-15 1.262879E-15 
12000 -5.134781E-16 1.720846E-15 2.886580E-15 
12500 4.440892E-16 -2.511880E-15 -4.038436E-15 
13000 1.096345E-15 1.221245E-15 -2.498002E-16 
13500 -4.579670E-16 1.693090E-15 2.775558E-17 
14000 1.526557E-16 -1.457168E-15 -1.984524E-15 
14500 -1.110223E-16 -1.040834E-15 2.206568E-15 
15000 -1.304512E-15 -5.689893E-16 9.020562E-16 
15500 1.817990E-15 -4.302114E-16 4.732326E-15 
16000 -4.579670E-16 -1.984524E-15 4.302114E-16 
16500 -2.470246E-15 3.691492E-15 -2.498002E-16 
17000 5.134781E-16 -1.748601E-15 -2.775558E-15 
500 1.665335E-16 -1.387779E-17 1.373901E-15 
1000 6.106227E-16 1.720846E-15 -1.387779E-15 
1500 9.575674E-16 1.373901E-15 -3.039236E-15 
2000 -1.762479E-15 2.359224E-16 -7.632783E-16 
2500 2.775558E-17 -9.714451E-16 2.053913E-15 
3000 -9.575674E-16 4.440892E-16 -9.436896E-16 
3500 -3.747003E-16 -4.718448E-16 1.693090E-15 
4000 1.165734E-15 1.137979E-15 7.494005E-16 
4500 6.938894E-17 2.733924E-15 1.484923E-15 
5000 -1.554312E-15 2.373102E-15 -1.901257E-15 
5500 -4.579670E-16 -1.790235E-15 1.290634E-15 
6000 1.665335E-15 2.345346E-15 -1.526557E-16 
6500 9.714451E-16 -1.221245E-15 4.579670E-15 
7000 1.679212E-15 1.471046E-15 -1.137979E-15 
7500 1.804112E-16 -1.942890E-15 8.881784E-16 
8000 -7.216450E-16 1.429412E-15 1.956768E-15 
8500 -1.207368E-15 -2.567391E-15 -1.790235E-15 
9000 1.526557E-16 5.412337E-16 -1.526557E-16 
9500 2.164935E-15 1.373901E-15 -9.853229E-16 
10000 4.718448E-16 -1.013079E-15 1.526557E-16 
10500 4.579670E-16 1.734723E-15 1.013079E-15 
11000 1.568190E-15 4.857226E-16 -1.151856E-15 
11500 -8.326673E-16 4.302114E-16 9.714451E-17 
12000 7.632783E-16 2.359224E-15 1.915135E-15 
12500 -1.151856E-15 2.636780E-15 1.665335E-16 
13000 -1.249001E-15 1.942890E-16 1.526557E-15 
13500 -5.551115E-17 -1.540434E-15 2.067790E-15 
14000 3.747003E-16 -2.914335E-15 1.887379E-15 
14500 -2.803313E-15 -1.096345E-15 -2.817191E-15 
15000 -9.575674E-16 1.720846E-15 2.692291E-15 
15500 -2.456368E-15 1.179612E-15 -1.568190E-15 
16000 -5.134781E-16 -1.471046E-15 -6.383782E-16 
16500 -6.800116E-16 3.094747E-15 1.984524E-15 
17000 -2.775558E-17 2.900458E-15 1.845746E-15 
500 5.551115E-16 2.053913E-15 1.776357E-15 
1000 1.554312E-15 2.081668E-16 -4.315992E-15 
1500 4.440892E-16 1.706968E-15 -6.938894E-17 
2000 -8.604228E-16 6.661338E-16 -3.386180E-15 
2500 1.526557E-15 4.440892E-16 5.273559E-16 
3000 1.526557E-16 -2.775558E-16 -1.748601E-15 
3500 -2.636780E-16 -3.608225E-16 6.383782E-16 
4000 -1.512679E-15 6.800116E-16 -2.178813E-15 
4500 2.525757E-15 -4.996004E-16 -3.580469E-15 
5000 -6.938894E-17 -9.714451E-16 -1.026956E-15 
5500 -1.304512E-15 -1.304512E-15 3.608225E-16 
6000 1.970646E-15 -2.359224E-15 -6.467049E-15 
6500 2.914335E-16 4.996004E-16 -4.579670E-15 
7000 -1.970646E-15 -1.249001E-16 -1.249001E-16 
7500 -1.276756E-15 -1.956768E-15 -7.910339E-16 
8000 1.443290E-15 2.622902E-15 -2.123302E-15 
8500 -5.134781E-16 -5.551115E-17 -2.220446E-15 
9000 5.134781E-16 6.800116E-16 6.522560E-16 
9500 2.303713E-15 -1.665335E-16 -3.330669E-16 
10000 1.929013E-15 1.429412E-15 6.800116E-16 
10500 2.359224E-16 1.693090E-15 -1.887379E-15 
11000 -9.159340E-16 1.262879E-15 -1.817990E-15 
11500 1.804112E-16 -6.522560E-16 9.575674E-16 
12000 1.942890E-16 -3.330669E-16 -4.191092E-15 
12500 -2.442491E-15 2.303713E-15 2.775558E-17 
13000 -2.456368E-15 -3.774758E-15 -1.582068E-15 
13500 -1.137979E-15 -9.575674E-16 -3.191891E-16 
14000 2.775558E-16 6.106227E-16 1.137979E-15 
14500 -7.216450E-16 2.581269E-15 3.053113E-16 
15000 2.789435E-15 -4.718448E-16 1.082467E-15 
15500 -9.853229E-16 -2.164935E-15 -3.386180E-15 
16000 -1.915135E-15 1.013079E-15 -7.632783E-16 
16500 -1.526557E-15 -1.679212E-15 2.928213E-15 
17000 -1.665335E-16 7.632783E-16 -1.290634E-15 
500 1.401657E-15 2.359224E-16 1.179612E-15 
1000 7.355228E-16 5.967449E-16 -4.163336E-17 
1500 -1.124101E-15 1.540434E-15 1.540434E-15 
2000 1.498801E-15 -5.551115E-16 -1.443290E-15 
2500 -1.054712E-15 2.220446E-15 -2.442491E-15 
3000 5.967449E-16 1.471046E-15 6.383782E-16 
3500 -3.011480E-15 -2.234324E-15 1.096345E-15 
4000 -7.494005E-16 -1.637579E-15 1.110223E-16 
4500 4.718448E-16 -8.326673E-16 -1.637579E-15 
5000 2.942091E-15 -2.359224E-15 -1.165734E-15 
5500 -2.442491E-15 1.929013E-15 -4.579670E-16 
6000 3.830269E-15 1.026956E-15 3.330669E-16 
6500 -6.522560E-16 -1.110223E-15 -7.771561E-16 
7000 -5.551115E-17 7.632783E-16 1.679212E-15 
7500 -2.775558E-17 1.929013E-15 7.077672E-16 
8000 -3.885781E-16 -3.955170E-15 -4.302114E-16 
500 1.942890E-15 -6.522560E-16 3.747003E-16 
8500 5.134781E-16 -2.664535E-15 1.387779E-16 
1000 -2.567391E-15 -2.650657E-15 -1.443290E-15 
9000 -8.326673E-16 -2.067790E-15 2.650657E-15 
1500 3.330669E-16 -1.526557E-16 1.137979E-15 
9500 -5.689893E-16 -1.582068E-15 8.326673E-16 
2000 -1.262879E-15 8.743006E-16 1.762479E-15 
10000 2.914335E-16 1.609823E-15 5.551115E-16 
2500 -1.165734E-15 1.235123E-15 3.594347E-15 
10500 9.575674E-16 2.220446E-16 1.748601E-15 
3000 -1.040834E-15 -4.302114E-16 -4.440892E-16 
11000 -2.317591E-15 1.804112E-15 2.275957E-15 
3500 1.623701E-15 -3.191891E-15 1.651457E-15 
11500 1.901257E-15 5.828671E-16 -1.026956E-15 
4000 -2.484124E-15 1.554312E-15 1.290634E-15 
12000 -1.137979E-15 2.775558E-16 -1.054712E-15 
4500 -7.355228E-16 -3.885781E-16 -2.095546E-15 
12500 -6.800116E-16 -1.110223E-16 -1.304512E-15 
5000 -1.013079E-15 -5.828671E-16 3.400058E-15 
13000 -1.942890E-16 9.020562E-16 2.192690E-15 
5500 -2.109424E-15 2.636780E-15 -2.609024E-15 
13500 1.942890E-16 -3.330669E-16 1.318390E-15 
6000 5.134781E-16 1.804112E-16 -1.956768E-15 
14000 8.187895E-16 -1.401657E-15 2.123302E-15 
6500 6.661338E-16 1.748601E-15 2.026157E-15 
14500 -3.885781E-16 -2.720046E-15 1.221245E-15 
7000 -1.068590E-15 4.579670E-16 -6.106227E-15 
15000 1.498801E-15 1.831868E-15 3.788636E-15 
7500 1.346145E-15 -4.718448E-16 -3.871903E-15 
8000 2.359224E-16 -1.040834E-15 1.262879E-15 
15500 8.743006E-16 7.910339E-16 1.748601E-15 
8500 7.910339E-16 -1.970646E-15 -4.204970E-15 
16000 9.714451E-16 -3.330669E-16 -4.440892E-15 
9000 -1.387779E-16 -2.886580E-15 5.759282E-15 
16500 7.077672E-16 2.026157E-15 1.249001E-15 
9500 1.151856E-15 1.318390E-15 -3.899658E-15 
17000 5.551115E-17 -2.012279E-15 1.082467E-15 
10000 -5.967449E-16 5.800915E-15 -2.164935E-15 
10500 8.187895E-16 -1.526557E-15 1.762479E-15 
500 1.845746E-15 4.718448E-16 3.219647E-15 
11000 -5.828671E-16 2.331468E-15 -2.386980E-15 
1000 -6.800116E-16 -5.689893E-16 1.207368E-15 
11500 -3.469447E-16 2.761680E-15 1.221245E-15 
1500 1.568190E-15 -2.400857E-15 -1.249001E-16 
12000 -6.938894E-17 -5.273559E-16 -2.109424E-15 
2000 1.054712E-15 -3.469447E-16 -2.081668E-16 
12500 -2.248202E-15 1.318390E-15 -4.302114E-16 
2500 1.221245E-15 -4.996004E-16 -2.498002E-16 
13000 5.967449E-16 -4.468648E-15 2.400857E-15 
3000 -9.714451E-16 -2.289835E-15 2.359224E-16 
13500 2.220446E-15 4.135581E-15 8.743006E-16 
3500 1.984524E-15 -2.095546E-15 6.522560E-16 
14000 -1.068590E-15 -2.733924E-15 -1.582068E-15 
4000 -4.579670E-16 -7.216450E-16 -3.635980E-15 
14500 -2.997602E-15 2.192690E-15 -1.887379E-15 
4500 2.081668E-16 3.858025E-15 -1.110223E-15 
15000 -2.040035E-15 5.676015E-15 1.165734E-15 
5000 1.748601E-15 2.275957E-15 -2.109424E-15 
15500 1.249001E-16 -4.024558E-15 -3.885781E-16 
500 2.775558E-16 1.859624E-15 -1.665335E-15 
1000 -2.775558E-17 -1.942890E-16 9.992007E-16 
1500 2.178813E-15 3.330669E-16 3.053113E-16 
2000 -2.498002E-16 8.743006E-16 5.134781E-16 
2500 -3.885781E-16 2.775558E-16 5.551115E-17 
3000 -6.800116E-16 5.551115E-17 8.881784E-16 
3500 1.318390E-15 -7.494005E-16 4.163336E-16 
4000 -2.331468E-15 2.178813E-15 -3.427814E-15 
4500 3.330669E-16 4.857226E-16 1.429412E-15 
5000 3.469447E-16 -1.540434E-15 3.233525E-15 
5500 1.387779E-17 2.414735E-15 -2.414735E-15 
6000 1.165734E-15 -3.094747E-15 1.373901E-15 
6500 -2.872702E-15 1.748601E-15 2.220446E-16 
7000 -1.998401E-15 -1.221245E-15 2.553513E-15 
7500 6.383782E-16 2.636780E-16 -1.235123E-15 
8000 -9.575674E-16 -7.355228E-16 2.428613E-15 
8500 2.636780E-16 -1.137979E-15 -1.693090E-15 
9000 -7.355228E-16 -2.081668E-16 4.871104E-15 
9500 -1.720846E-15 5.551115E-17 -7.216450E-16 
10000 -7.494005E-16 -3.885781E-16 -2.303713E-15 
10500 -1.582068E-15 -1.151856E-15 1.387779E-17 
11000 -1.096345E-15 1.929013E-15 9.298118E-16 
11500 1.096345E-15 2.636780E-16 1.804112E-16 
12000 -2.220446E-16 -4.440892E-16 -4.440892E-16 
12500 -1.151856E-15 -3.955170E-15 1.817990E-15 
13000 1.484923E-15 -1.040834E-15 -8.187895E-16 
13500 -2.359224E-16 -2.595146E-15 3.469447E-16 
14000 1.179612E-15 -4.302114E-16 -2.081668E-16 
14500 -2.220446E-16 1.484923E-15 1.068590E-15 
15000 8.743006E-16 1.762479E-15 -5.689893E-16 
15500 -4.718448E-16 -3.219647E-15 1.637579E-15 
16000 4.718448E-16 -2.081668E-16 -9.298118E-16 
16500 1.679212E-15 1.429412E-15 -1.901257E-15 
17000 -1.151856E-15 7.077672E-16 8.465451E-16 
500 -1.304512E-15 1.110223E-15 -4.163336E-16 
1000 -9.992007E-16 1.568190E-15 -9.853229E-16 
1500 9.575674E-16 5.134781E-16 6.245005E-16 
2000 2.775558E-16 1.110223E-16 1.665335E-16 
2500 1.207368E-15 -2.622902E-15 -2.234324E-15 
3000 2.428613E-15 -1.235123E-15 1.068590E-15 
3500 1.110223E-16 1.429412E-15 -1.526557E-16 
4000 9.714451E-16 2.040035E-15 -5.412337E-16 
4500 -8.743006E-16 4.996004E-16 -3.747003E-15 
5000 -2.498002E-16 1.290634E-15 -2.081668E-16 
5500 -6.661338E-16 8.326673E-16 -2.109424E-15 
6000 -5.967449E-16 -2.706169E-15 2.844947E-15 
6500 -1.817990E-15 1.942890E-15 1.165734E-15 
7000 -7.077672E-16 1.165734E-15 -1.193490E-15 
7500 1.748601E-15 1.332268E-15 -1.942890E-16 
8000 -1.290634E-15 1.290634E-15 3.372302E-15 
8500 4.440892E-16 1.137979E-15 -3.302913E-15 
9000 -1.110223E-16 3.580469E-15 1.998401E-15 
9500 -4.163336E-16 1.068590E-15 3.594347E-15 
10000 9.714451E-17 -2.220446E-16 1.137979E-15 
10500 -1.679212E-15 1.915135E-15 -1.776357E-15 
11000 -6.522560E-16 5.412337E-16 -9.298118E-16 
11500 -6.661338E-16 -2.123302E-15 2.095546E-15 
12000 -9.714451E-16 -3.788636E-15 -3.747003E-16 
12500 -7.771561E-16 1.929013E-15 1.179612E-15 
13000 -1.762479E-15 -1.346145E-15 -3.261280E-15 
13500 2.498002E-16 -9.714451E-16 1.026956E-15 
14000 2.928213E-15 -2.345346E-15 -3.927414E-15 
14500 4.024558E-16 -6.383782E-16 1.693090E-15 
15000 -8.604228E-16 -4.787837E-15 1.526557E-16 
15500 3.469447E-16 -9.714451E-16 -1.942890E-16 
16000 4.718448E-16 -1.540434E-15 -2.067790E-15 
16500 1.679212E-15 -1.804112E-15 4.718448E-16 
17000 -3.608225E-16 9.853229E-16 2.234324E-15 
500 -1.693090E-15 2.359224E-15 4.163336E-16 
1000 3.747003E-16 9.159340E-16 3.996803E-15 
1500 4.163336E-16 -8.326673E-16 1.360023E-15 
2000 -5.689893E-16 5.412337E-16 5.967449E-16 
2500 5.967449E-16 3.330669E-16 1.304512E-15 
3000 1.651457E-15 -2.761680E-15 7.910339E-16 
3500 -5.273559E-16 -3.275158E-15 3.330669E-16 
4000 5.551115E-17 1.693090E-15 2.137179E-15 
4500 -5.967449E-16 -6.522560E-16 -1.373901E-15 
5000 -2.525757E-15 -5.412337E-16 1.040834E-15 
5500 -9.853229E-16 2.636780E-16 -1.804112E-16 
6000 9.159340E-16 6.938894E-16 -2.137179E-15 
6500 2.498002E-16 3.524958E-15 4.718448E-16 
7000 6.106227E-16 -6.522560E-16 -2.636780E-16 
7500 2.220446E-16 -2.456368E-15 -4.649059E-15 
8000 -2.178813E-15 2.733924E-15 1.096345E-15 
8500 -1.720846E-15 -1.762479E-15 1.040834E-15 
9000 2.955969E-15 -1.776357E-15 -2.664535E-15 
9500 -5.273559E-16 -5.412337E-16 5.134781E-16 
10000 -9.853229E-16 4.274359E-15 -2.331468E-15 
10500 -2.872702E-15 8.604228E-16 8.326673E-17 
11000 -5.551115E-17 -2.289835E-15 -4.204970E-15 
11500 6.938894E-17 -2.622902E-15 1.262879E-15 
12000 -5.134781E-16 1.720846E-15 2.886580E-15 
12500 4.440892E-16 -2.511880E-15 -4.038436E-15 
13000 1.096345E-15 1.221245E-15 -2.498002E-16 
13500 -4.579670E-16 1.693090E-15 2.775558E-17 
14000 1.526557E-16 -1.457168E-15 -1.984524E-15 
14500 -1.110223E-16 -1.040834E-15 2.206568E-15 
15000 -1.304512E-15 -5.689893E-16 9.020562E-16 
15500 1.817990E-15 -4.302114E-16 4.732326E-15 
16000 -4.579670E-16 -1.984524E-15 4.302114E-16 
16500 -2.470246E-15 3.691492E-15 -2.498002E-16 
17000 5.134781E-16 -1.748601E-15 -2.775558E-15 
500 1.665335E-16 -1.387779E-17 1.373901E-15 
1000 6.106227E-16 1.720846E-15 -1.387779E-15 
1500 9.575674E-16 1.373901E-15 -3.039236E-15 
2000 -1.762479E-15 2.359224E-16 -7.632783E-16 
2500 2.775558E-17 -9.714451E-16 2.053913E-15 
3000 -9.575674E-16 4.440892E-16 -9.436896E-16 
3500 -3.747003E-16 -4.718448E-16 1.693090E-15 
4000 1.165734E-15 1.137979E-15 7.494005E-16 
4500 6.938894E-17 2.733924E-15 1.484923E-15 
5000 -1.554312E-15 2.373102E-15 -1.901257E-15 
5500 -4.579670E-16 -1.790235E-15 1.290634E-15 
6000 1.665335E-15 2.345346E-15 -1.526557E-16 
6500 9.714451E-16 -1.221245E-15 4.579670E-15 
7000 1.679212E-15 1.471046E-15 -1.137979E-15 
7500 1.804112E-16 -1.942890E-15 8.881784E-16 
8000 -7.216450E-16 1.429412E-15 1.956768E-15 
8500 -1.207368E-15 -2.567391E-15 -1.790235E-15 
9000 1.526557E-16 5.412337E-16 -1.526557E-16 
9500 2.164935E-15 1.373901E-15 -9.853229E-16 
10000 4.718448E-16 -1.013079E-15 1.526557E-16 
10500 4.579670E-16 1.734723E-15 1.013079E-15 
11000 1.568190E-15 4.857226E-16 -1.151856E-15 
11500 -8.326673E-16 4.302114E-16 9.714451E-17 
12000 7.632783E-16 2.359224E-15 1.915135E-15 
12500 -1.151856E-15 2.636780E-15 1.665335E-16 
13000 -1.249001E-15 1.942890E-16 1.526557E-15 
13500 -5.551115E-17 -1.540434E-15 2.067790E-15 
14000 3.747003E-16 -2.914335E-15 1.887379E-15 
14500 -2.803313E-15 -1.096345E-15 -2.817191E-15 
15000 -9.575674E-16 1.720846E-15 2.692291E-15 
15500 -2.456368E-15 1.179612E-15 -1.568190E-15 
16000 -5.134781E-16 -1.471046E-15 -6.383782E-16 
16500 -6.800116E-16 3.094747E-15 1.984524E-15 
17000 -2.775558E-17 2.900458E-15 1.845746E-15 
17500 -2.636780E-16 2.053913E-15 2.858824E-15 
500 5.551115E-16 2.053913E-15 1.776357E-15 
1000 1.554312E-15 2.081668E-16 -4.315992E-15 
1500 4.440892E-16 1.706968E-15 -6.938894E-17 
2000 -8.604228E-16 6.661338E-16 -3.386180E-15 
2500 1.526557E-15 4.440892E-16 5.273559E-16 
3000 1.526557E-16 -2.775558E-16 -1.748601E-15 
3500 -2.636780E-16 -3.608225E-16 6.383782E-16 
4000 -1.512679E-15 6.800116E-16 -2.178813E-15 
4500 2.525757E-15 -4.996004E-16 -3.580469E-15 
5000 -6.938894E-17 -9.714451E-16 -1.026956E-15 
5500 -1.304512E-15 -1.304512E-15 3.608225E-16 
6000 1.970646E-15 -2.359224E-15 -6.467049E-15 
6500 2.914335E-16 4.996004E-16 -4.579670E-15 
7000 -1.970646E-15 -1.249001E-16 -1.249001E-16 
7500 -1.276756E-15 -1.956768E-15 -7.910339E-16 
8000 1.443290E-15 2.622902E-15 -2.123302E-15 
8500 -5.134781E-16 -5.551115E-17 -2.220446E-15 
9000 5.134781E-16 6.800116E-16 6.522560E-16 
9500 2.303713E-15 -1.665335E-16 -3.330669E-16 
10000 1.929013E-15 1.429412E-15 6.800116E-16 
10500 2.359224E-16 1.693090E-15 -1.887379E-15 
11000 -9.159340E-16 1.262879E-15 -1.817990E-15 
11500 1.804112E-16 -6.522560E-16 9.575674E-16 
12000 1.942890E-16 -3.330669E-16 -4.191092E-15 
12500 -2.442491E-15 2.303713E-15 2.775558E-17 
13000 -2.456368E-15 -3.774758E-15 -1.582068E-15 
13500 -1.137979E-15 -9.575674E-16 -3.191891E-16 
14000 2.775558E-16 6.106227E-16 1.137979E-15 
14500 -7.216450E-16 2.581269E-15 3.053113E-16 
15000 2.789435E-15 -4.718448E-16 1.082467E-15 
15500 -9.853229E-16 -2.164935E-15 -3.386180E-15 
16000 -1.915135E-15 1.013079E-15 -7.632783E-16 
16500 -1.526557E-15 -1.679212E-15 2.928213E-15 
17000 -1.665335E-16 7.632783E-16 -1.290634E-15 
500 1.401657E-15 2.359224E-16 1.179612E-15 
1000 7.355228E-16 5.967449E-16 -4.163336E-17 
1500 -1.124101E-15 1.540434E-15 1.540434E-15 
2000 1.498801E-15 -5.551115E-16 -1.443290E-15 
2500 -1.054712E-15 2.220446E-15 -2.442491E-15 
3000 5.967449E-16 1.471046E-15 6.383782E-16 
3500 -3.011480E-15 -2.234324E-15 1.096345E-15 
4000 -7.494005E-16 -1.637579E-15 1.110223E-16 
4500 4.718448E-16 -8.326673E-16 -1.637579E-15 
5000 2.942091E-15 -2.359224E-15 -1.165734E-15 
5500 -2.442491E-15 1.929013E-15 -4.579670E-16 
6000 3.830269E-15 1.026956E-15 3.330669E-16 
6500 -6.522560E-16 -1.110223E-15 -7.771561E-16 
7000 -5.551115E-17 7.632783E-16 1.679212E-15 
7500 -2.775558E-17 1.929013E-15 7.077672E-16 
8000 -3.885781E-16 -3.955170E-15 -4.302114E-16 
8500 5.134781E-16 -2.664535E-15 1.387779E-16 
9000 -8.326673E-16 -2.067790E-15 2.650657E-15 
9500 -5.689893E-16 -1.582068E-15 8.326673E-16 
10000 2.914335E-16 1.609823E-15 5.551115E-16 
10500 9.575674E-16 2.220446E-16 1.748601E-15 
11000 -2.317591E-15 1.804112E-15 2.275957E-15 
11500 1.901257E-15 5.828671E-16 -1.026956E-15 
12000 -1.137979E-15 2.775558E-16 -1.054712E-15 
12500 -6.800116E-16 -1.110223E-16 -1.304512E-15 
13000 -1.942890E-16 9.020562E-16 2.192690E-15 
13500 1.942890E-16 -3.330669E-16 1.318390E-15 
14000 8.187895E-16 -1.401657E-15 2.123302E-15 
14500 -3.885781E-16 -2.720046E-15 1.221245E-15 
15000 1.498801E-15 1.831868E-15 3.788636E-15 
15500 8.743006E-16 7.910339E-16 1.748601E-15 
16000 9.714451E-16 -3.330669E-16 -4.440892E-15 
16500 7.077672E-16 2.026157E-15 1.249001E-15 
17000 5.551115E-17 -2.012279E-15 1.082467E-15 
17500 -9.575674E-16 -2.636780E-16 -1.498801E-15 
500 1.845746E-15 4.718448E-16 3.219647E-15 
1000 -6.800116E-16 -5.689893E-16 1.207368E-15 
1500 1.568190E-15 -2.400857E-15 -1.249001E-16 
2000 1.054712E-15 -3.469447E-16 -2.081668E-16 
2500 1.221245E-15 -4.996004E-16 -2.498002E-16 
3000 -9.714451E-16 -2.289835E-15 2.359224E-16 
3500 1.984524E-15 -2.095546E-15 6.522560E-16 
4000 -4.579670E-16 -7.216450E-16 -3.635980E-15 
4500 2.081668E-16 3.858025E-15 -1.110223E-15 
5000 1.748601E-15 2.275957E-15 -2.109424E-15 
5500 1.137979E-15 2.386980E-15 -1.859624E-15 
6000 -3.608225E-16 1.373901E-15 1.068590E-15 
6500 -5.134781E-16 1.110223E-15 1.831868E-15 
7000 4.579670E-16 1.193490E-15 -3.275158E-15 
7500 1.193490E-15 4.302114E-16 2.373102E-15 
8000 -8.465451E-16 -2.206568E-15 2.317591E-15 
8500 -1.387779E-17 1.318390E-15 5.551115E-17 
9000 -3.747003E-16 -2.289835E-15 -6.938894E-17 
9500 -4.302114E-16 -1.457168E-15 -1.415534E-15 
10000 -1.026956E-15 -1.387779E-15 -3.760880E-15 
10500 2.192690E-15 9.714451E-17 2.081668E-16 
11000 2.942091E-15 -8.326673E-17 1.984524E-15 
11500 -1.665335E-15 2.109424E-15 3.178013E-15 
12000 -8.881784E-16 -1.165734E-15 3.483325E-15 
12500 1.013079E-15 -1.013079E-15 1.360023E-15 
13000 1.387779E-16 -1.068590E-15 7.632783E-16 
13500 -1.804112E-16 -4.996004E-16 1.762479E-15 
14000 -1.901257E-15 6.383782E-16 -1.415534E-15 
14500 -7.355228E-16 2.817191E-15 1.790235E-15 
15000 -1.915135E-15 4.857226E-16 2.026157E-15 
15500 2.220446E-16 2.706169E-15 -3.608225E-16 
16000 -4.857226E-16 -2.539635E-15 -8.326673E-17 
16500 -6.938894E-16 6.383782E-16 -2.248202E-15 
17000 -1.387779E-16 -1.262879E-15 1.804112E-15 
17500 7.216450E-16 -3.885781E-16 -1.790235E-15 
500 -6.383782E-16 -2.220446E-16 -1.165734E-15 
1000 1.901257E-15 6.800116E-16 -7.632783E-16 
1500 1.984524E-15 -1.526557E-15 -1.387779E-15 
2000 -4.857226E-16 2.206568E-15 2.081668E-16 
2500 2.831069E-15 -4.440892E-16 -4.718448E-16 
3000 1.110223E-16 2.026157E-15 9.159340E-16 
3500 -2.248202E-15 5.828671E-16 -1.526557E-15 
4000 -1.568190E-15 -1.110223E-16 -1.498801E-15 
4500 -6.938894E-17 -2.178813E-15 1.512679E-15 
5000 1.595946E-15 -4.718448E-16 7.355228E-16 
5500 -7.910339E-16 1.415534E-15 1.415534E-15 
6000 2.178813E-15 -3.094747E-15 -1.498801E-15 
6500 4.718448E-16 1.124101E-15 2.678413E-15 
7000 -5.689893E-16 -1.249001E-15 -1.151856E-15 
7500 1.693090E-15 -9.853229E-16 2.137179E-15 
8000 5.412337E-16 -2.942091E-15 -2.914335E-16 
8500 1.762479E-15 1.873501E-15 9.436896E-16 
9000 -7.494005E-16 -2.386980E-15 -5.773160E-15 
9500 1.165734E-15 4.163336E-16 -6.383782E-16 
10000 2.248202E-15 1.193490E-15 9.714451E-16 
10500 6.938894E-16 2.498002E-16 -2.636780E-16 
11000 5.967449E-16 -2.053913E-15 -1.915135E-15 
11500 -2.386980E-15 1.582068E-15 -5.412337E-16 
12000 1.484923E-15 -1.498801E-15 1.595946E-15 
12500 -7.771561E-16 7.910339E-16 4.996004E-16 
13000 -1.804112E-16 6.522560E-16 -7.771561E-16 
13500 2.831069E-15 1.249001E-16 -7.910339E-16 
14000 -5.412337E-16 1.804112E-15 -1.207368E-15 
14500 -3.469447E-16 3.066991E-15 1.387779E-17 
15000 -1.595946E-15 -2.650657E-15 -9.992007E-16 
15500 -5.689893E-16 1.235123E-15 1.401657E-15 
16000 3.136380E-15 5.134781E-16 1.110223E-16 
16500 -1.096345E-15 -1.110223E-15 -3.608225E-16 
17000 2.331468E-15 -4.718448E-16 8.049117E-16 
17500 2.359224E-16 5.648260E-15 -3.330669E-16 
500 -1.956768E-15 4.579670E-16 -3.316791E-15 
1000 5.689893E-16 1.637579E-15 2.137179E-15 
1500 4.163336E-16 -1.151856E-15 3.066991E-15 
2000 -7.355228E-16 9.853229E-16 -2.539635E-15 
2500 -1.193490E-15 1.609823E-15 2.914335E-15 
3000 7.494005E-16 1.137979E-15 -1.748601E-15 
3500 1.582068E-15 -3.039236E-15 7.077672E-16 
4000 9.159340E-16 -1.443290E-15 -7.077672E-16 
4500 -1.582068E-15 -2.914335E-16 -2.678413E-15 
5000 0.000000E+00 -3.191891E-16 6.106227E-16 
5500 7.771561E-16 1.332268E-15 4.163336E-16 
6000 -7.077672E-16 2.622902E-15 -1.054712E-15 
6500 1.637579E-15 -1.748601E-15 1.290634E-15 
7000 -1.332268E-15 4.996004E-16 3.413936E-15 
7500 1.249001E-15 8.743006E-16 -1.651457E-15 
8000 -7.494005E-16 -4.996004E-16 -3.469447E-16 
8500 1.984524E-15 3.677614E-15 -1.221245E-15 
9000 0.000000E+00 -1.526557E-16 -8.187895E-16 
9500 4.163336E-17 1.110223E-16 8.465451E-16 
10000 1.471046E-15 1.040834E-15 -7.355228E-16 
10500 -6.383782E-16 9.714451E-17 1.415534E-15 
11000 -1.346145E-15 -2.262079E-15 -2.081668E-16 
11500 2.553513E-15 -1.373901E-15 2.581269E-15 
12000 -1.387779E-17 -1.651457E-15 1.998401E-15 
12500 -1.249001E-16 4.163336E-15 -3.261280E-15 
13000 5.134781E-16 -2.373102E-15 1.387779E-17 
13500 1.804112E-16 2.067790E-15 -6.800116E-16 
14000 -8.604228E-16 6.841749E-15 -2.081668E-16 
14500 -9.159340E-16 2.359224E-16 -1.942890E-16 
15000 6.938894E-17 2.414735E-15 -1.665335E-15 
15500 -1.110223E-15 6.383782E-16 9.853229E-16 
16000 -6.661338E-16 -4.968248E-15 -4.163336E-16 
16500 6.522560E-16 6.453171E-15 -2.983724E-15 
17000 6.245005E-16 -8.743006E-16 8.187895E-16 
17500 1.970646E-15 6.841749E-15 3.191891E-16 
500 -1.665335E-16 -1.720846E-15 1.831868E-15 
1000 -8.187895E-16 5.134781E-16 9.298118E-16 
1500 9.714451E-17 3.885781E-16 -3.885781E-16 
2000 7.077672E-16 -2.775558E-16 -7.077672E-16 
2500 -2.775558E-16 6.245005E-16 1.457168E-15 
3000 2.817191E-15 -1.054712E-15 5.273559E-16 
3500 -7.216450E-16 -4.787837E-15 -5.551115E-17 
4000 -9.714451E-16 1.942890E-16 -2.192690E-15 
4500 3.191891E-16 4.718448E-16 7.771561E-16 
5000 -2.928213E-15 -1.387779E-16 9.714451E-16 
5500 1.054712E-15 -1.068590E-15 2.109424E-15 
6000 -8.743006E-16 -8.465451E-16 3.233525E-15 
6500 -1.193490E-15 -2.470246E-15 9.853229E-16 
7000 1.429412E-15 -2.359224E-16 7.632783E-16 
7500 1.110223E-16 5.578871E-15 -8.090750E-15 
8000 2.137179E-15 -3.330669E-16 2.775558E-16 
8500 1.429412E-15 5.412337E-16 -1.068590E-15 
9000 7.910339E-16 -7.910339E-16 -1.387779E-16 
9500 -1.249001E-16 1.193490E-15 -2.636780E-15 
10000 -1.887379E-15 9.020562E-16 -1.387779E-17 
10500 3.469447E-16 1.387779E-17 4.593548E-15 
11000 0.000000E+00 5.828671E-16 -5.134781E-16 
11500 -1.054712E-15 4.163336E-16 2.206568E-15 
12000 -1.387779E-17 -4.815592E-15 7.910339E-16 
12500 1.956768E-15 -1.013079E-15 -6.245005E-16 
13000 1.623701E-15 1.013079E-15 -3.191891E-16 
13500 1.276756E-15 2.220446E-15 2.747802E-15 
14000 1.665335E-15 -2.872702E-15 1.901257E-15 
14500 2.359224E-16 -4.024558E-16 -1.609823E-15 
15000 -1.054712E-15 -2.817191E-15 4.163336E-16 
15500 -4.163336E-17 -3.844147E-15 2.831069E-15 
16000 -7.216450E-16 9.714451E-17 5.731526E-15 
16500 -3.330669E-16 2.775558E-17 8.049117E-16 
17000 -7.216450E-16 -5.620504E-15 5.134781E-16 
17500 -1.526557E-15 -7.271961E-15 -7.910339E-16 
500 1.942890E-15 -6.522560E-16 3.747003E-16 
1000 -2.567391E-15 -2.650657E-15 -1.443290E-15 
1500 3.330669E-16 -1.526557E-16 1.137979E-15 
2000 -1.262879E-15 8.743006E-16 1.762479E-15 
2500 -1.165734E-15 1.235123E-15 3.594347E-15 
3000 -1.040834E-15 -4.302114E-16 -4.440892E-16 
3500 1.623701E-15 -3.191891E-15 1.651457E-15 
4000 -2.484124E-15 1.554312E-15 1.290634E-15 
4500 -7.355228E-16 -3.885781E-16 -2.095546E-15 
5000 -1.013079E-15 -5.828671E-16 3.400058E-15 
5500 -2.109424E-15 2.636780E-15 -2.609024E-15 
6000 5.134781E-16 1.804112E-16 -1.956768E-15 
6500 6.661338E-16 1.748601E-15 2.026157E-15 
7000 -1.068590E-15 4.579670E-16 -6.106227E-15 
7500 1.346145E-15 -4.718448E-16 -3.871903E-15 
8000 2.359224E-16 -1.040834E-15 1.262879E-15 
8500 7.910339E-16 -1.970646E-15 -4.204970E-15 
9000 -1.387779E-16 -2.886580E-15 5.759282E-15 
9500 1.151856E-15 1.318390E-15 -3.899658E-15 
10000 -5.967449E-16 5.800915E-15 -2.164935E-15 
10500 8.187895E-16 -1.526557E-15 1.762479E-15 
11000 -5.828671E-16 2.331468E-15 -2.386980E-15 
11500 -3.469447E-16 2.761680E-15 1.221245E-15 
12000 -6.938894E-17 -5.273559E-16 -2.109424E-15 
12500 -2.248202E-15 1.318390E-15 -4.302114E-16 
13000 5.967449E-16 -4.468648E-15 2.400857E-15 
13500 2.220446E-15 4.135581E-15 8.743006E-16 
14000 -1.068590E-15 -2.733924E-15 -1.582068E-15 
14500 -2.997602E-15 2.192690E-15 -1.887379E-15 
15000 -2.040035E-15 5.676015E-15 1.165734E-15 
15500 1.249001E-16 -4.024558E-15 -3.885781E-16 
16000 -9.714451E-17 3.219647E-15 9.853229E-16 
16500 1.249001E-15 -3.497203E-15 -1.706968E-15 
17000 9.436896E-16 1.018630E-14 -1.665335E-16 
17500 -1.526557E-16 2.733924E-15 2.775558E-17 
500 -1.096345E-15 -5.967449E-16 -2.151057E-15 
1000 1.290634E-15 -1.249001E-15 1.679212E-15 
1500 2.775558E-17 -3.191891E-15 -2.886580E-15 
2000 1.665335E-16 -5.828671E-16 -2.581269E-15 
2500 2.345346E-15 -3.469447E-16 7.077672E-16 
3000 -1.290634E-15 -8.187895E-16 1.554312E-15 
3500 -2.359224E-16 -1.512679E-15 -1.415534E-15 
4000 -6.938894E-17 -7.216450E-16 -1.804112E-15 
4500 -1.929013E-15 -1.387779E-17 -3.330669E-16 
5000 -7.216450E-16 -6.813994E-15 -5.828671E-16 
5500 -6.938894E-17 1.915135E-15 9.436896E-16 
6000 -1.651457E-15 -2.636780E-16 7.910339E-16 
6500 -1.290634E-15 2.636780E-16 5.453971E-15 
7000 -7.216450E-16 2.206568E-15 -2.955969E-15 
7500 -2.775558E-17 5.412337E-15 1.235123E-15 
8000 1.249001E-15 -3.622103E-15 -2.053913E-15 
8500 -3.191891E-16 2.955969E-15 2.137179E-15 
9000 -1.609823E-15 9.020562E-16 -1.040834E-15 
9500 1.304512E-15 -1.665335E-16 4.996004E-16 
10000 -4.163336E-17 1.526557E-16 5.828671E-16 
10500 -6.938894E-16 -3.885781E-15 -2.428613E-15 
11000 -1.040834E-15 -2.636780E-16 -1.193490E-15 
11500 9.992007E-16 -9.575674E-16 -1.804112E-16 
12000 -5.412337E-16 -1.595946E-15 2.733924E-15 
12500 -6.245005E-16 -6.064593E-15 5.134781E-16 
13000 1.637579E-15 -4.857226E-15 9.714451E-17 
13500 1.387779E-15 6.938894E-16 -3.677614E-15 
14000 -2.220446E-16 -2.636780E-16 -1.373901E-15 
14500 -1.235123E-15 -5.773160E-15 -3.233525E-15 
15000 4.718448E-16 -1.126876E-14 7.216450E-16 
15500 6.661338E-16 -6.439294E-15 -6.383782E-16 
16000 9.714451E-16 -5.065393E-15 -2.831069E-15 
16500 -2.164935E-15 -4.357625E-15 9.575674E-16 
17000 1.346145E-15 -2.914335E-16 1.942890E-15 
17500 1.693090E-15 -8.146261E-15 7.771561E-16 
500 -1.193490E-15 2.664535E-15 3.760880E-15 
1000 -3.885781E-16 1.845746E-15 1.665335E-16 
1500 6.522560E-16 -1.443290E-15 1.901257E-15 
2000 1.054712E-15 -4.163336E-17 -1.748601E-15 
2500 2.775558E-16 -2.789435E-15 5.551115E-16 
3000 1.193490E-15 -2.123302E-15 8.326673E-16 
3500 -8.326673E-16 -1.360023E-15 -1.040834E-15 
4000 5.828671E-16 1.873501E-15 -1.748601E-15 
4500 -1.693090E-15 1.318390E-15 1.457168E-15 
5000 1.665335E-16 -1.165734E-15 1.249001E-16 
5500 1.720846E-15 2.498002E-16 -2.983724E-15 
6000 1.956768E-15 2.220446E-16 4.996004E-16 
6500 7.771561E-16 3.233525E-15 -1.124101E-15 
7000 -1.942890E-16 1.332268E-15 -2.095546E-15 
7500 -1.054712E-15 4.843348E-15 -2.775558E-15 
8000 2.220446E-15 6.092349E-15 -1.901257E-15 
8500 2.747802E-15 -8.187895E-16 2.581269E-15 
9000 -7.910339E-16 1.165734E-15 -5.967449E-16 
9500 -9.436896E-16 -2.428613E-15 9.575674E-16 
10000 -4.857226E-16 3.608225E-15 8.326673E-17 
10500 -1.249001E-16 -1.942890E-15 8.465451E-16 
11000 -1.929013E-15 5.287437E-15 -7.216450E-16 
11500 6.661338E-16 -2.955969E-15 8.326673E-17 
12000 2.858824E-15 5.204170E-15 -6.938894E-17 
12500 -1.249001E-16 -7.910339E-16 -1.387779E-15 
13000 2.775558E-16 -2.428613E-15 1.970646E-15 
13500 9.714451E-17 4.440892E-15 -2.137179E-15 
14000 -9.436896E-16 -3.663736E-15 -1.873501E-15 
14500 -2.262079E-15 -4.024558E-15 -7.216450E-16 
15000 0.000000E+00 6.938894E-16 6.383782E-16 
15500 -1.040834E-15 6.383782E-16 2.164935E-15 
16000 2.081668E-16 -2.109424E-15 -5.412337E-16 
16500 2.775558E-17 8.604228E-16 2.914335E-16 
17000 -3.330669E-16 -1.110223E-16 -1.998401E-15 
500 2.914335E-16 -8.049117E-16 3.330669E-16 
1000 7.494005E-16 -1.776357E-15 6.938894E-16 
1500 1.124101E-15 1.304512E-15 -5.689893E-16 
2000 3.330669E-16 -3.469447E-16 -6.106227E-16 
2500 -3.747003E-16 -2.386980E-15 -6.245005E-16 
3000 -2.220446E-16 -1.013079E-15 5.412337E-16 
3500 2.109424E-15 -9.575674E-16 0.000000E+00 
4000 -4.440892E-16 -4.080070E-15 -1.693090E-15 
4500 -6.938894E-17 -1.554312E-15 -6.092349E-15 
5000 1.693090E-15 4.440892E-16 1.554312E-15 
5500 4.857226E-16 -1.554312E-15 -6.245005E-16 
6000 2.081668E-16 3.164136E-15 2.539635E-15 
6500 -7.494005E-16 -4.024558E-16 2.720046E-15 
7000 -6.938894E-16 -3.275158E-15 1.845746E-15 
7500 -1.137979E-15 -3.344547E-15 1.040834E-15 
8000 2.081668E-16 -7.452372E-15 -1.165734E-15 
8500 -3.469447E-16 -2.373102E-15 1.776357E-15 
9000 2.095546E-15 3.011480E-15 5.134781E-16 
9500 -8.326673E-16 2.220446E-16 -1.415534E-15 
10000 4.857226E-16 3.122502E-15 2.289835E-15 
10500 1.804112E-16 9.284240E-15 4.454770E-15 
11000 6.522560E-16 1.679212E-15 2.498002E-16 
11500 -9.298118E-16 -3.316791E-15 -3.566591E-15 
12000 2.595146E-15 1.942890E-15 1.096345E-15 
12500 -1.096345E-15 -8.604228E-16 1.290634E-15 
13000 1.346145E-15 2.151057E-15 2.692291E-15 
13500 -9.159340E-16 5.079270E-15 5.551115E-17 
14000 9.714451E-17 1.665335E-16 1.859624E-15 
14500 1.693090E-15 -4.468648E-15 -4.996004E-16 
15000 -1.748601E-15 3.955170E-15 -1.790235E-15 
15500 -9.575674E-16 3.982925E-15 -2.123302E-15 
16000 -2.053913E-15 -9.714451E-17 -2.081668E-16 
16500 -2.498002E-16 2.095546E-15 1.346145E-15 
17000 -5.689893E-16 -1.679212E-15 -7.494005E-16 
17500 1.526557E-16 -6.647460E-15 1.193490E-15 
500 1.970646E-15 -1.165734E-15 -1.998401E-15 
1000 -1.110223E-16 -2.636780E-16 -6.938894E-16 
1500 3.483325E-15 -9.575674E-16 -7.771561E-16 
2000 -3.469447E-16 -3.649858E-15 -1.457168E-15 
2500 -2.622902E-15 1.262879E-15 -3.136380E-15 
3000 1.498801E-15 -3.330669E-15 1.748601E-15 
3500 7.077672E-16 -3.608225E-16 1.110223E-15 
4000 -2.817191E-15 3.344547E-15 -6.106227E-16 
4500 -2.775558E-16 -2.775558E-16 -1.512679E-15 
5000 5.551115E-17 1.873501E-15 2.484124E-15 
5500 2.081668E-16 1.013079E-15 1.887379E-15 
6000 1.929013E-15 3.441691E-15 1.013079E-15 
6500 1.082467E-15 -7.494005E-16 8.326673E-16 
7000 -3.053113E-16 7.077672E-16 -2.775558E-15 
7500 -2.456368E-15 -4.163336E-16 -2.442491E-15 
8000 7.771561E-16 -1.554312E-15 -1.859624E-15 
8500 -9.714451E-17 -6.231127E-15 8.465451E-16 
9000 -1.110223E-16 -8.118506E-15 -1.540434E-15 
9500 6.522560E-16 -6.480927E-15 -2.359224E-15 
10000 2.095546E-15 2.331468E-15 -2.928213E-15 
10500 -2.331468E-15 -6.147860E-15 -3.441691E-15 
11000 6.383782E-16 -1.956768E-15 -1.512679E-15 
11500 1.249001E-15 3.552714E-15 -7.216450E-16 
12000 -1.124101E-15 2.983724E-15 -1.387779E-17 
12500 4.024558E-16 -6.383782E-16 9.714451E-16 
13000 -1.387779E-17 2.733924E-15 -7.771561E-16 
13500 4.857226E-16 -2.817191E-15 9.853229E-16 
14000 8.187895E-16 -4.163336E-17 1.249001E-16 
14500 -4.163336E-17 2.595146E-15 -2.914335E-16 
15000 -1.373901E-15 2.123302E-15 -2.067790E-15 
15500 8.465451E-16 -6.328271E-15 4.163336E-15 
16000 -1.332268E-15 -9.880985E-15 4.093947E-15 
16500 1.013079E-15 -8.035239E-15 2.053913E-15 
17000 1.387779E-16 2.178813E-15 -2.012279E-15 
500 -2.026157E-15 -8.604228E-16 5.967449E-16 
1000 -1.276756E-15 1.346145E-15 -2.775558E-17 
1500 -1.582068E-15 -9.020562E-16 -1.249001E-15 
2000 1.429412E-15 -2.595146E-15 2.151057E-15 
2500 -1.318390E-15 -1.387779E-16 -1.290634E-15 
3000 -2.359224E-16 -1.804112E-15 7.910339E-16 
3500 -1.998401E-15 -5.273559E-15 -1.096345E-15 
4000 -1.540434E-15 -1.804112E-16 -3.191891E-16 
4500 1.817990E-15 -4.718448E-16 1.221245E-15 
5000 2.539635E-15 -4.857226E-15 4.024558E-16 
5500 2.775558E-17 1.401657E-15 7.910339E-16 
6000 -1.942890E-15 7.632783E-16 -1.221245E-15 
6500 3.677614E-15 -2.498002E-16 -2.386980E-15 
7000 -4.302114E-16 -7.854828E-15 1.762479E-15 
7500 -4.718448E-16 3.608225E-16 3.386180E-15 
8000 1.137979E-15 -2.428613E-15 -7.216450E-16 
8500 6.522560E-16 -3.400058E-15 3.469447E-16 
9000 1.804112E-16 6.675216E-15 3.191891E-16 
9500 -1.817990E-15 1.179612E-15 2.151057E-15 
10000 -3.178013E-15 -6.397660E-15 7.910339E-16 
10500 -8.187895E-16 8.382184E-15 -1.318390E-15 
11000 7.216450E-16 -4.662937E-15 -2.511880E-15 
11500 -1.595946E-15 3.178013E-15 -3.608225E-15 
12000 -2.081668E-16 2.386980E-15 2.775558E-17 
12500 -1.235123E-15 -2.303713E-15 -2.359224E-16 
13000 4.163336E-16 4.093947E-15 -2.081668E-16 
13500 -1.207368E-15 -4.954370E-15 -2.220446E-16 
14000 1.387779E-15 -9.617307E-15 -3.608225E-16 
14500 -1.110223E-16 -4.926615E-15 -1.942890E-16 
15000 8.187895E-16 -6.383782E-16 -1.665335E-16 
15500 7.355228E-16 3.046174E-14 1.984524E-15 
16000 8.049117E-16 4.515832E-14 1.373901E-15 
16500 -3.608225E-16 1.726397E-14 -4.829470E-15 
17000 -9.020562E-16 -3.132217E-14 -1.249001E-15 
500 -2.775558E-17 -2.706169E-15 -6.383782E-16 
1000 3.885781E-16 5.689893E-16 -1.873501E-15 
1500 -4.996004E-16 4.302114E-16 -2.386980E-15 
2000 -2.914335E-16 -3.219647E-15 -6.938894E-16 
2500 3.608225E-16 2.262079E-15 8.743006E-16 
3000 -9.159340E-16 7.632783E-16 1.054712E-15 
3500 -9.436896E-16 6.800116E-16 5.689893E-16 
4000 -6.938894E-17 -7.910339E-16 -1.651457E-15 
4500 1.262879E-15 1.401657E-15 2.123302E-15 
5000 -1.124101E-15 -5.412337E-16 -3.053113E-16 
5500 1.665335E-16 -1.915135E-15 2.275957E-15 
6000 1.151856E-15 2.026157E-15 -2.775558E-17 
6500 1.942890E-16 -4.815592E-15 2.178813E-15 
7000 -7.355228E-16 4.191092E-15 -8.604228E-16 
7500 5.551115E-17 -1.623701E-15 1.762479E-15 
8000 2.067790E-15 -8.132384E-15 -4.440892E-16 
8500 1.665335E-15 -7.757683E-15 -7.355228E-16 
9000 -7.355228E-16 -5.648260E-15 1.998401E-15 
9500 1.526557E-15 -2.220446E-16 -2.137179E-15 
10000 -6.800116E-16 1.314227E-14 -3.469447E-16 
10500 -2.053913E-15 -5.537237E-15 -1.540434E-15 
11000 -1.776357E-15 1.110223E-15 -1.387779E-16 
11500 1.207368E-15 -4.996004E-16 3.247402E-15 
12000 2.775558E-16 -1.110223E-16 3.247402E-15 
12500 -2.067790E-15 -7.410739E-15 -3.608225E-16 
13000 -1.373901E-15 1.963707E-14 1.443290E-15 
13500 -1.346145E-15 -3.086420E-14 5.273559E-16 
14000 -7.632783E-16 9.686696E-15 2.539635E-15 
14500 -2.359224E-15 2.485512E-14 -3.677614E-15 
15000 1.915135E-15 -1.464384E-13 1.235123E-15 
15500 1.429412E-15 9.339751E-15 -1.998401E-15 
16000 7.355228E-16 4.830858E-14 -9.992007E-16 
16500 -8.881784E-16 2.822742E-14 3.108624E-15 
17000 -2.220446E-16 2.527145E-14 -5.551115E-17 
17500 -1.096345E-15 7.760459E-14 -1.179612E-15 
500 5.689893E-16 2.400857E-15 2.803313E-15 
1000 5.551115E-17 -1.235123E-15 -1.498801E-15 
1500 1.665335E-16 3.330669E-16 9.298118E-16 
2000 -1.415534E-15 -1.845746E-15 -6.661338E-16 
2500 -2.470246E-15 1.471046E-15 5.412337E-16 
3000 4.857226E-16 -2.969847E-15 -4.288236E-15 
3500 -3.885781E-16 -2.775558E-15 -6.245005E-16 
4000 0.000000E+00 1.318390E-15 6.245005E-16 
4500 -2.581269E-15 5.953571E-15 -3.150258E-15 
5000 -1.068590E-15 -1.609823E-15 5.342948E-15 
5500 1.929013E-15 -1.762479E-15 -4.413137E-15 
6000 1.679212E-15 1.970646E-15 2.831069E-15 
6500 -9.992007E-16 -4.260481E-15 -1.998401E-15 
7000 -1.054712E-15 -1.262879E-15 -4.204970E-15 
7500 -1.609823E-15 -3.885781E-15 1.651457E-15 
8000 -1.193490E-15 1.484923E-15 -1.387779E-15 
8500 4.718448E-16 3.830269E-15 -1.942890E-16 
9000 -9.575674E-16 1.139366E-14 -3.247402E-15 
9500 1.665335E-16 1.859624E-15 -3.469447E-16 
10000 2.081668E-16 2.817191E-15 8.465451E-16 
10500 -1.193490E-15 3.469447E-16 -3.066991E-15 
11000 7.910339E-16 4.843348E-15 1.512679E-15 
11500 1.984524E-15 -7.382983E-15 4.996004E-16 
12000 -1.804112E-16 1.559863E-14 1.734723E-15 
12500 -1.082467E-15 2.073341E-14 6.938894E-16 
13000 -1.193490E-15 4.909961E-14 0.000000E+00 
13500 -1.207368E-15 9.589551E-15 -1.540434E-15 
14000 8.326673E-17 -1.580680E-14 3.164136E-15 
14500 -5.273559E-16 6.381007E-14 -1.082467E-15 
15000 -9.575674E-16 -3.411160E-14 -9.714451E-16 
15500 -3.747003E-16 -4.672651E-14 -1.956768E-15 
16000 2.317591E-15 4.792000E-14 -9.992007E-16 
16500 -2.498002E-16 -1.471046E-15 4.024558E-16 
17000 -7.355228E-16 5.674627E-14 4.163336E-16 
17500 0.000000E+00 -1.199041E-14 -1.526557E-16 
500 3.885781E-16 2.123302E-15 6.800116E-16 
1000 2.553513E-15 5.551115E-17 7.494005E-16 
1500 -9.992007E-16 -7.771561E-16 -1.387779E-15 
2000 6.661338E-16 9.436896E-16 1.179612E-15 
2500 -8.465451E-16 -2.442491E-15 0.000000E+00 
3000 -1.262879E-15 1.249001E-16 1.096345E-15 
3500 -1.817990E-15 -6.661338E-16 -1.332268E-15 
4000 1.249001E-16 -2.067790E-15 6.938894E-16 
4500 -2.775558E-17 2.040035E-15 -1.262879E-15 
5000 7.771561E-16 5.953571E-15 -9.714451E-16 
5500 -2.081668E-16 1.845746E-15 -6.661338E-16 
6000 -8.326673E-17 -7.382983E-15 -2.817191E-15 
6500 -1.582068E-15 6.120104E-15 3.511080E-15 
7000 -5.273559E-16 -7.077672E-15 -1.262879E-15 
7500 7.910339E-16 -1.471046E-15 -4.996004E-16 
8000 7.355228E-16 -5.551115E-17 -1.526557E-16 
8500 2.220446E-15 8.479328E-15 -6.619705E-15 
9000 -5.273559E-16 1.304512E-15 -3.275158E-15 
9500 7.632783E-16 -2.928213E-15 1.193490E-15 
10000 -5.134781E-16 2.900458E-15 9.159340E-16 
10500 -1.831868E-15 2.067790E-15 -2.220446E-16 
11000 -2.428613E-15 -2.582656E-14 -6.480927E-15 
11500 -6.938894E-17 -4.524159E-15 -1.720846E-15 
12000 -3.469447E-16 -4.382605E-14 3.455569E-15 
12500 1.401657E-15 1.613987E-14 1.887379E-15 
13000 -1.998401E-15 5.241640E-14 -5.828671E-16 
13500 5.551115E-17 2.556289E-14 -2.220446E-16 
14000 -9.020562E-16 1.268430E-14 9.714451E-17 
14500 -1.526557E-16 -3.193279E-14 -1.221245E-15 
15000 1.804112E-15 -7.041590E-14 -3.538836E-15 
15500 2.775558E-16 3.959333E-14 -1.110223E-15 
16000 -4.718448E-16 -3.613776E-14 2.942091E-15 
16500 -2.636780E-16 1.665335E-16 3.316791E-15 
17000 -2.775558E-17 1.183775E-14 -7.216450E-16 
17500 7.355228E-16 -5.245804E-15 4.024558E-16 
