500 -2.900458E-15 3.302913E-15 -4.163336E-17 
1000 4.996004E-16 -4.843348E-15 1.179612E-15 
1500 1.734723E-15 -2.053913E-15 1.165734E-15 
2000 2.234324E-15 -1.178224E-14 1.512679E-15 
2500 -3.427814E-15 -1.944278E-14 1.512679E-15 
3000 1.540434E-15 -3.726186E-14 5.689893E-16 
500 -2.900458E-15 3.302913E-15 -4.163336E-17 
1000 4.996004E-16 -4.843348E-15 1.179612E-15 
500 -2.900458E-15 3.302913E-15 -4.163336E-17 
1000 4.996004E-16 -4.843348E-15 1.179612E-15 
1500 1.734723E-15 -2.053913E-15 1.165734E-15 
2000 2.234324E-15 -1.178224E-14 1.512679E-15 
2500 -3.427814E-15 -1.944278E-14 1.512679E-15 
3000 1.540434E-15 -3.726186E-14 5.689893E-16 
3500 2.053913E-15 -1.281336E-13 -2.775558E-15 
4000 1.595946E-15 -4.818368E-14 1.110223E-15 
4500 -9.020562E-16 -2.172845E-13 -1.353084E-15 
5000 1.734723E-15 -3.642919E-14 -2.567391E-15 
5500 1.318390E-15 7.976952E-14 -1.817990E-15 
6000 -6.938894E-17 1.421085E-14 -2.130240E-15 
