1000 0.007722
1500 0.015959
2000 0.032310
2500 0.032729
3000 0.035937
3500 0.039277
4000 0.034684
4500 0.034320
5000 0.034296
5500 0.032093
6000 0.033056
6500 0.034528
7000 0.035205
7500 0.041806
8000 0.039322
8500 0.040311
9000 0.035627
9500 0.033435
10000 0.032321
10500 0.034539
11000 0.038524
11500 0.031643
12000 0.029292
12500 0.027206
13000 0.032628
13500 0.030949
14000 0.026799
14500 0.030794
15000 0.033022
15500 0.034963
16000 0.029045
16500 0.028549
17000 0.030647
17500 0.032609
18000 0.037812
18500 0.036424
19000 0.032056
19500 0.037457
20000 0.036091
20500 0.038435
21000 0.033381
21500 0.039488
22000 0.031120
22500 0.037333
23000 0.032299
23500 0.034708
24000 0.033145
