1000 0.013818
1500 0.032595
2000 0.041704
2500 0.046849
3000 0.034458
3500 0.031369
4000 0.034719
4500 0.038025
5000 0.036290
5500 0.030057
6000 0.033281
6500 0.029924
7000 0.035525
7500 0.035531
8000 0.036537
8500 0.039520
9000 0.044198
9500 0.043368
10000 0.042773
10500 0.051605
11000 0.044702
11500 0.046006
12000 0.048115
12500 0.048656
13000 0.048782
13500 0.046323
14000 0.047050
14500 0.047838
15000 0.043339
15500 0.048842
16000 0.036770
16500 0.040345
17000 0.044726
17500 0.035262
18000 0.034117
18500 0.035935
19000 0.039444
19500 0.038957
20000 0.038123
20500 0.040239
21000 0.039695
21500 0.046991
22000 0.038026
22500 0.042526
23000 0.036046
23500 0.033718
24000 0.038502
