1000 0.000237
1500 0.000301
2000 0.000389
2500 0.000507
3000 0.000663
3500 0.000870
4000 0.001143
4500 0.001497
5000 0.001949
5500 0.002507
6000 0.003161
6500 0.003872
7000 0.004567
7500 0.005248
8000 0.005916
8500 0.006572
9000 0.007328
9500 0.007986
10000 0.007889
10500 0.007294
11000 0.007192
11500 0.008276
12000 0.009307
12500 0.008823
13000 0.007492
13500 0.006392
14000 0.006234
14500 0.007691
15000 0.009551
15500 0.009489
16000 0.008060
16500 0.006546
17000 0.005345
17500 0.004631
18000 0.004899
18500 0.006901
19000 0.009532
19500 0.009917
20000 0.008500
20500 0.006918
21000 0.005862
21500 0.005911
22000 0.007723
22500 0.009775
23000 0.009612
23500 0.008073
24000 0.006516
24500 0.005347
25000 0.004822
25500 0.005599
26000 0.008097
26500 0.010030
27000 0.009467
27500 0.007817
28000 0.006306
28500 0.005277
29000 0.005129
29500 0.006637
30000 0.009260
30500 0.010026
31000 0.008750
31500 0.007081
32000 0.005736
32500 0.004935
33000 0.005183
33500 0.007212
34000 0.009701
34500 0.009854
35000 0.008352
35500 0.006739
36000 0.005546
36500 0.005093
37000 0.006105
37500 0.008672
38000 0.010086
38500 0.009157
39000 0.007478
39500 0.006039
40000 0.005105
