1000 0.000845
1500 0.001454
2000 0.002525
2500 0.004285
3000 0.006830
3500 0.009886
4000 0.012331
4500 0.015722
5000 0.017023
5500 0.018137
6000 0.015544
6500 0.015729
7000 0.019672
7500 0.015007
8000 0.017874
8500 0.018923
9000 0.013643
9500 0.018126
10000 0.018925
10500 0.014462
11000 0.020005
11500 0.017296
12000 0.016699
12500 0.020012
13000 0.014660
13500 0.018432
14000 0.018793
14500 0.016055
15000 0.020412
15500 0.015283
16000 0.017662
16500 0.019386
17000 0.015468
17500 0.020451
18000 0.016093
18500 0.016837
19000 0.019914
19500 0.015255
20000 0.020119
20500 0.016962
21000 0.016137
21500 0.020282
22000 0.015317
22500 0.019514
23000 0.017814
23500 0.015573
24000 0.020488
24500 0.015603
25000 0.018716
25500 0.018617
26000 0.015183
26500 0.020508
