1000 0.025087
1500 0.034433
2000 0.041303
2500 0.047067
3000 0.041123
3500 0.048424
4000 0.054826
4500 0.055478
5000 0.055332
5500 0.052863
6000 0.043993
6500 0.041367
7000 0.041950
7500 0.041513
8000 0.046032
8500 0.051530
9000 0.050719
9500 0.043359
10000 0.054532
10500 0.042604
11000 0.051763
11500 0.053882
12000 0.053823
12500 0.048519
13000 0.042267
13500 0.051618
14000 0.051269
14500 0.042274
15000 0.044215
15500 0.051695
16000 0.055946
16500 0.050635
17000 0.055557
17500 0.054000
18000 0.050433
18500 0.060600
19000 0.055556
19500 0.049906
20000 0.056837
20500 0.044546
21000 0.037639
21500 0.043557
22000 0.048896
22500 0.048958
23000 0.055605
23500 0.049666
24000 0.047538
