1000 0.010479
1500 0.023426
2000 0.036364
2500 0.037878
3000 0.041782
3500 0.043726
4000 0.037216
4500 0.034913
5000 0.038829
5500 0.035672
6000 0.040183
6500 0.035579
7000 0.037239
7500 0.041567
8000 0.039546
8500 0.033479
9000 0.034852
9500 0.035513
10000 0.033292
10500 0.032124
11000 0.035229
11500 0.035819
12000 0.029476
12500 0.030645
13000 0.028886
13500 0.035188
14000 0.035717
14500 0.036725
15000 0.031780
15500 0.031422
16000 0.033091
16500 0.035180
17000 0.032690
17500 0.030469
18000 0.031098
18500 0.037255
19000 0.036497
19500 0.039361
20000 0.041491
20500 0.044693
21000 0.043146
21500 0.039957
22000 0.036200
22500 0.035760
23000 0.037121
23500 0.039686
24000 0.036142
