1000 0.000751
1500 0.001253
2000 0.002117
2500 0.003533
3000 0.005617
3500 0.008241
4000 0.010720
4500 0.013330
5000 0.016202
5500 0.016202
6000 0.017463
6500 0.013240
7000 0.009072
7500 0.009725
8000 0.015480
8500 0.016251
9000 0.016855
9500 0.016114
10000 0.016121
10500 0.017957
11000 0.013236
11500 0.015043
12000 0.018435
12500 0.015592
13000 0.017978
13500 0.015404
14000 0.015110
14500 0.018800
15000 0.015308
15500 0.017590
16000 0.017370
16500 0.012581
17000 0.016071
17500 0.018928
18000 0.014285
18500 0.018109
19000 0.017333
19500 0.012547
20000 0.016798
20500 0.018473
21000 0.014543
21500 0.018927
22000 0.016271
22500 0.013730
23000 0.019208
23500 0.015992
24000 0.016099
24500 0.018930
25000 0.014000
25500 0.016837
26000 0.018447
26500 0.014276
27000 0.018798
27500 0.016629
28000 0.014128
28500 0.019340
29000 0.015636
29500 0.015753
30000 0.019084
30500 0.014281
31000 0.017175
31500 0.018240
32000 0.014077
32500 0.018777
33000 0.016698
33500 0.014366
34000 0.019376
34500 0.015410
35000 0.015751
35500 0.019076
36000 0.014317
36500 0.017398
37000 0.018079
37500 0.014011
38000 0.018836
38500 0.016626
39000 0.014494
39500 0.019388
40000 0.015269
