1000 0.039831
1500 0.049967
2000 0.048396
2500 0.047678
3000 0.045720
3500 0.062960
4000 0.064020
4500 0.063394
5000 0.058930
5500 0.066611
6000 0.063387
6500 0.058060
7000 0.062362
7500 0.057935
8000 0.066507
8500 0.071258
9000 0.063687
9500 0.057525
10000 0.057529
10500 0.056765
11000 0.055059
11500 0.057058
12000 0.044947
12500 0.041704
13000 0.051524
13500 0.053501
14000 0.053261
14500 0.055174
15000 0.054407
15500 0.055979
16000 0.050796
16500 0.054765
17000 0.070764
17500 0.050482
18000 0.060846
18500 0.064226
19000 0.064926
19500 0.059272
20000 0.061287
20500 0.064299
21000 0.065641
21500 0.058018
22000 0.059508
22500 0.051844
23000 0.057106
23500 0.059693
24000 0.061100
