1000 0.000027
1500 0.000026
2000 0.000026
2500 0.000026
3000 0.000026
3500 0.000026
4000 0.000026
4500 0.000026
5000 0.000026
5500 0.000027
6000 0.000027
6500 0.000027
7000 0.000028
7500 0.000028
8000 0.000028
8500 0.000029
9000 0.000029
9500 0.000029
10000 0.000030
10500 0.000030
11000 0.000031
11500 0.000031
12000 0.000032
12500 0.000032
13000 0.000033
13500 0.000033
14000 0.000034
14500 0.000035
15000 0.000035
15500 0.000036
16000 0.000037
16500 0.000037
17000 0.000038
17500 0.000039
18000 0.000039
18500 0.000040
19000 0.000041
19500 0.000041
20000 0.000042
20500 0.000043
21000 0.000044
21500 0.000045
22000 0.000045
22500 0.000046
23000 0.000047
23500 0.000048
24000 0.000049
24500 0.000050
25000 0.000051
25500 0.000052
26000 0.000053
26500 0.000054
27000 0.000055
27500 0.000056
28000 0.000057
28500 0.000058
29000 0.000059
29500 0.000060
30000 0.000061
30500 0.000063
31000 0.000064
31500 0.000065
32000 0.000066
32500 0.000068
33000 0.000069
33500 0.000070
34000 0.000072
34500 0.000073
35000 0.000074
35500 0.000076
36000 0.000077
36500 0.000079
37000 0.000080
37500 0.000082
38000 0.000083
38500 0.000085
39000 0.000087
39500 0.000088
40000 0.000090
40500 0.000092
41000 0.000094
41500 0.000096
42000 0.000097
42500 0.000099
43000 0.000101
43500 0.000103
44000 0.000105
44500 0.000107
45000 0.000109
45500 0.000112
46000 0.000114
46500 0.000116
47000 0.000118
47500 0.000120
48000 0.000123
48500 0.000125
49000 0.000128
49500 0.000130
50000 0.000133
50500 0.000135
51000 0.000138
51500 0.000141
52000 0.000143
52500 0.000146
53000 0.000149
53500 0.000152
54000 0.000155
54500 0.000158
55000 0.000161
55500 0.000164
56000 0.000168
56500 0.000171
57000 0.000174
57500 0.000178
58000 0.000181
58500 0.000185
59000 0.000188
59500 0.000192
60000 0.000196
60500 0.000199
61000 0.000203
61500 0.000207
62000 0.000211
62500 0.000215
63000 0.000219
63500 0.000224
64000 0.000228
64500 0.000232
65000 0.000237
65500 0.000241
66000 0.000246
66500 0.000250
67000 0.000255
67500 0.000260
68000 0.000265
68500 0.000270
69000 0.000275
69500 0.000280
70000 0.000285
70500 0.000290
71000 0.000296
71500 0.000301
72000 0.000307
72500 0.000312
73000 0.000318
73500 0.000324
74000 0.000329
74500 0.000335
75000 0.000341
75500 0.000347
76000 0.000353
76500 0.000359
77000 0.000365
77500 0.000371
78000 0.000377
78500 0.000384
79000 0.000390
79500 0.000396
80000 0.000403
80500 0.000409
81000 0.000416
81500 0.000422
82000 0.000429
82500 0.000435
83000 0.000442
83500 0.000448
84000 0.000455
84500 0.000461
85000 0.000468
85500 0.000474
86000 0.000481
86500 0.000487
87000 0.000494
87500 0.000500
88000 0.000506
88500 0.000513
89000 0.000519
89500 0.000525
90000 0.000531
90500 0.000538
91000 0.000544
91500 0.000550
92000 0.000556
92500 0.000561
93000 0.000567
93500 0.000573
94000 0.000578
94500 0.000584
95000 0.000589
95500 0.000595
96000 0.000600
96500 0.000605
97000 0.000610
97500 0.000615
98000 0.000620
98500 0.000624
99000 0.000629
99500 0.000634
100000 0.000638
100500 0.000642
101000 0.000646
101500 0.000650
102000 0.000654
102500 0.000658
103000 0.000662
103500 0.000665
104000 0.000668
104500 0.000672
105000 0.000675
105500 0.000678
106000 0.000681
106500 0.000684
107000 0.000686
107500 0.000689
108000 0.000691
108500 0.000693
109000 0.000695
109500 0.000698
110000 0.000699
110500 0.000701
111000 0.000703
111500 0.000704
112000 0.000706
112500 0.000707
113000 0.000708
113500 0.000709
114000 0.000710
114500 0.000711
115000 0.000712
115500 0.000713
116000 0.000713
116500 0.000714
117000 0.000714
117500 0.000715
118000 0.000715
118500 0.000715
119000 0.000716
119500 0.000716
120000 0.000716
120500 0.000716
121000 0.000716
121500 0.000716
122000 0.000716
122500 0.000716
123000 0.000716
123500 0.000716
124000 0.000716
124500 0.000716
125000 0.000716
125500 0.000717
126000 0.000717
126500 0.000717
127000 0.000718
127500 0.000718
128000 0.000719
128500 0.000719
129000 0.000720
129500 0.000721
130000 0.000722
130500 0.000723
131000 0.000724
131500 0.000725
132000 0.000726
132500 0.000727
133000 0.000729
133500 0.000730
134000 0.000732
134500 0.000733
135000 0.000735
135500 0.000736
136000 0.000738
136500 0.000739
137000 0.000740
137500 0.000742
138000 0.000743
138500 0.000744
139000 0.000746
139500 0.000747
140000 0.000747
140500 0.000748
141000 0.000749
141500 0.000749
142000 0.000749
142500 0.000750
143000 0.000749
143500 0.000749
144000 0.000749
144500 0.000748
145000 0.000747
145500 0.000746
146000 0.000745
146500 0.000743
147000 0.000742
147500 0.000740
148000 0.000738
148500 0.000736
149000 0.000734
149500 0.000732
150000 0.000730
150500 0.000727
151000 0.000725
151500 0.000723
152000 0.000720
152500 0.000718
153000 0.000716
153500 0.000714
154000 0.000712
154500 0.000711
155000 0.000709
155500 0.000708
156000 0.000707
156500 0.000707
157000 0.000707
157500 0.000707
158000 0.000708
158500 0.000709
159000 0.000711
159500 0.000713
160000 0.000715
160500 0.000719
161000 0.000722
161500 0.000727
162000 0.000731
162500 0.000736
163000 0.000742
163500 0.000748
164000 0.000754
164500 0.000761
165000 0.000768
165500 0.000775
166000 0.000782
166500 0.000789
167000 0.000796
167500 0.000803
168000 0.000809
168500 0.000815
169000 0.000821
169500 0.000826
170000 0.000831
170500 0.000835
171000 0.000838
171500 0.000841
172000 0.000843
172500 0.000844
173000 0.000844
173500 0.000843
174000 0.000842
174500 0.000839
175000 0.000836
