1000 0.032058
1500 0.039790
2000 0.042210
2500 0.042089
3000 0.045236
3500 0.045422
4000 0.056024
4500 0.060628
5000 0.051064
5500 0.056628
6000 0.053489
6500 0.057772
7000 0.058716
7500 0.059298
8000 0.053567
8500 0.049204
9000 0.050396
9500 0.045059
10000 0.055956
10500 0.056258
11000 0.053079
11500 0.043848
12000 0.047991
12500 0.043580
13000 0.041943
13500 0.052662
14000 0.048655
14500 0.045084
15000 0.043009
15500 0.055686
16000 0.046786
16500 0.044694
17000 0.056996
17500 0.045502
18000 0.046597
18500 0.054463
19000 0.049261
19500 0.043024
20000 0.044083
20500 0.041378
21000 0.042714
21500 0.039999
22000 0.039724
22500 0.039755
23000 0.037188
23500 0.038759
24000 0.050220
