1000 0.001219
1500 0.002307
2000 0.004302
2500 0.007550
3000 0.011908
3500 0.014346
4000 0.016910
4500 0.014856
5000 0.015460
5500 0.018948
6000 0.016905
6500 0.020333
7000 0.018073
7500 0.020494
8000 0.019892
8500 0.018526
9000 0.016198
9500 0.022668
10000 0.019096
10500 0.020813
11000 0.021125
11500 0.020241
12000 0.019971
12500 0.020733
13000 0.020487
13500 0.017986
14000 0.020239
14500 0.019422
15000 0.019662
15500 0.019609
16000 0.019609
16500 0.020906
17000 0.018024
17500 0.019312
18000 0.017907
18500 0.016098
19000 0.015728
19500 0.016451
20000 0.014223
20500 0.013959
21000 0.015917
21500 0.018424
22000 0.019766
22500 0.018347
23000 0.016161
23500 0.019923
24000 0.019276
24500 0.018901
25000 0.018452
25500 0.017411
26000 0.017107
26500 0.017427
