1000 0.012808
1500 0.030022
2000 0.038234
2500 0.046008
3000 0.047479
3500 0.045557
4000 0.045359
4500 0.038408
5000 0.037022
5500 0.042661
6000 0.044373
6500 0.037439
7000 0.044139
7500 0.038816
8000 0.043471
8500 0.034462
9000 0.033219
9500 0.037262
10000 0.042690
10500 0.042705
11000 0.034482
11500 0.036622
12000 0.043823
12500 0.042821
13000 0.043251
13500 0.046220
14000 0.046376
14500 0.043693
15000 0.046353
15500 0.044930
16000 0.045432
16500 0.046073
17000 0.041567
17500 0.039316
18000 0.042124
18500 0.034114
19000 0.038661
19500 0.045627
20000 0.039286
20500 0.045031
21000 0.046151
21500 0.036127
22000 0.039729
22500 0.043098
23000 0.041784
23500 0.046604
24000 0.043369
