1000 0.032373
1500 0.040811
2000 0.044255
2500 0.048157
3000 0.051685
3500 0.060773
4000 0.056612
4500 0.057046
5000 0.061755
5500 0.061195
6000 0.058775
6500 0.062718
7000 0.058375
7500 0.053870
8000 0.045283
8500 0.045386
9000 0.047343
9500 0.037861
10000 0.053473
10500 0.060283
11000 0.054118
11500 0.052872
12000 0.054273
12500 0.062511
13000 0.057211
13500 0.066054
14000 0.056075
14500 0.056360
15000 0.063275
15500 0.063394
16000 0.051506
16500 0.058822
17000 0.061113
17500 0.055649
18000 0.055311
18500 0.055363
19000 0.055643
19500 0.050668
20000 0.048422
20500 0.048986
21000 0.049002
21500 0.061004
22000 0.058669
22500 0.058298
23000 0.054150
23500 0.056278
24000 0.056764
