1000 0.025879
1500 0.033521
2000 0.041322
2500 0.033267
3000 0.049185
3500 0.057644
4000 0.057726
4500 0.055098
5000 0.053013
5500 0.054562
6000 0.057325
6500 0.058649
7000 0.045581
7500 0.056006
8000 0.051386
8500 0.047670
9000 0.048555
9500 0.048753
10000 0.048639
10500 0.048731
11000 0.045368
11500 0.055116
12000 0.049822
12500 0.050814
13000 0.045371
13500 0.044656
14000 0.035164
14500 0.037433
15000 0.041266
15500 0.045094
16000 0.046482
16500 0.049017
17000 0.049819
17500 0.038249
18000 0.046099
18500 0.038963
19000 0.043690
19500 0.048873
20000 0.046952
20500 0.045456
21000 0.049278
21500 0.038260
22000 0.039939
22500 0.040865
23000 0.050390
23500 0.056647
24000 0.054534
