1000 0.001262
1500 0.002409
2000 0.004515
2500 0.007950
3000 0.012436
3500 0.014625
4000 0.017112
4500 0.014603
5000 0.015823
5500 0.019714
6000 0.018309
6500 0.018315
7000 0.021202
7500 0.018304
8000 0.017316
8500 0.017960
9000 0.016468
9500 0.020107
10000 0.019043
10500 0.018038
11000 0.018889
11500 0.017778
12000 0.018984
12500 0.019794
13000 0.018805
13500 0.020131
14000 0.019539
14500 0.017857
15000 0.018251
15500 0.018435
16000 0.019083
16500 0.017901
17000 0.017498
17500 0.019463
18000 0.020275
18500 0.019395
19000 0.018323
19500 0.017071
20000 0.018284
20500 0.018688
21000 0.017845
21500 0.019387
22000 0.019378
22500 0.019185
23000 0.018410
23500 0.018141
24000 0.017271
24500 0.018453
25000 0.016361
25500 0.016391
26000 0.016711
26500 0.016604
