1000 0.000251
1500 0.000323
2000 0.000423
2500 0.000558
3000 0.000739
3500 0.000981
4000 0.001302
4500 0.001722
5000 0.002257
5500 0.002909
6000 0.003654
6500 0.004422
7000 0.005154
7500 0.005886
8000 0.006585
8500 0.007356
9000 0.008161
9500 0.008275
10000 0.007682
10500 0.007476
11000 0.008561
11500 0.009675
12000 0.009123
12500 0.007688
13000 0.006615
13500 0.006778
14000 0.008695
14500 0.010164
15000 0.009383
15500 0.007696
16000 0.006198
16500 0.005164
17000 0.005023
17500 0.006680
18000 0.009593
18500 0.010410
19000 0.008991
19500 0.007324
20000 0.006429
20500 0.007182
21000 0.009477
21500 0.010291
22000 0.008972
22500 0.007203
23000 0.005725
23500 0.004583
24000 0.003804
24500 0.003632
25000 0.004834
25500 0.007965
26000 0.010478
26500 0.009931
27000 0.008116
27500 0.006489
28000 0.005479
28500 0.005665
29000 0.007849
29500 0.010280
30000 0.010042
30500 0.008292
31000 0.006576
31500 0.005219
32000 0.004210
32500 0.003630
33000 0.003927
33500 0.006032
34000 0.009436
34500 0.010572
35000 0.009163
35500 0.007309
36000 0.005790
36500 0.004707
37000 0.004266
37500 0.005199
38000 0.008117
38500 0.010495
39000 0.009899
39500 0.008065
40000 0.006392
