1000 0.000664
1500 0.001074
2000 0.001762
2500 0.002877
3000 0.004549
3500 0.006736
4000 0.009052
4500 0.011073
5000 0.014159
5500 0.015082
6000 0.015090
6500 0.016551
7000 0.012753
7500 0.011424
8000 0.016420
8500 0.015605
9000 0.013053
9500 0.016288
10000 0.015280
10500 0.013817
11000 0.017419
11500 0.014585
12000 0.014592
12500 0.017778
13000 0.013646
13500 0.012980
14000 0.018105
14500 0.014860
15000 0.011413
15500 0.015985
16000 0.017567
16500 0.012600
17000 0.013992
17500 0.018277
18000 0.013985
18500 0.013797
19000 0.018253
19500 0.014425
20000 0.013939
20500 0.018222
21000 0.014404
21500 0.014239
22000 0.018194
22500 0.014156
23000 0.014451
23500 0.018162
24000 0.013965
24500 0.014623
25000 0.018116
25500 0.013844
26000 0.014851
26500 0.018042
27000 0.013702
27500 0.015065
28000 0.017959
28500 0.013581
29000 0.015297
29500 0.017859
30000 0.013462
30500 0.015524
31000 0.017749
31500 0.013359
32000 0.015757
32500 0.017626
33000 0.013266
33500 0.015987
34000 0.017491
34500 0.013184
35000 0.016215
35500 0.017346
36000 0.013116
36500 0.016439
37000 0.017191
37500 0.013060
38000 0.016655
38500 0.017029
39000 0.013020
39500 0.016864
40000 0.016857
