1000 0.015212
1500 0.035651
2000 0.042829
2500 0.039534
3000 0.042967
3500 0.037148
4000 0.043849
4500 0.045160
5000 0.038676
5500 0.038744
6000 0.043536
6500 0.039615
7000 0.033915
7500 0.045991
8000 0.041584
8500 0.036962
9000 0.043923
9500 0.046054
10000 0.042739
10500 0.046945
11000 0.039371
11500 0.037388
12000 0.036010
12500 0.032620
13000 0.036654
13500 0.038201
14000 0.030326
14500 0.031028
15000 0.043366
15500 0.045758
16000 0.040689
16500 0.044927
17000 0.040462
17500 0.035069
18000 0.042764
18500 0.045412
19000 0.044454
19500 0.047181
20000 0.040621
20500 0.042872
21000 0.037512
21500 0.039454
22000 0.038154
22500 0.036178
23000 0.034368
23500 0.045442
24000 0.040876
