1000 0.000209
1500 0.000259
2000 0.000327
2500 0.000416
3000 0.000531
3500 0.000681
4000 0.000874
4500 0.001121
5000 0.001435
5500 0.001826
6000 0.002300
6500 0.002849
7000 0.003448
7500 0.004044
8000 0.004617
8500 0.005193
9000 0.005744
9500 0.006338
10000 0.007012
10500 0.007446
11000 0.007231
11500 0.006671
12000 0.006477
12500 0.007249
13000 0.008386
13500 0.008473
14000 0.007518
14500 0.006369
15000 0.005575
15500 0.005606
16000 0.006944
16500 0.008656
17000 0.008880
17500 0.007814
18000 0.006495
18500 0.005401
19000 0.004710
19500 0.004783
20000 0.006192
20500 0.008406
21000 0.009209
21500 0.008306
22000 0.006909
22500 0.005678
23000 0.004782
23500 0.004425
24000 0.005124
24500 0.007206
25000 0.009076
25500 0.008965
26000 0.007685
26500 0.006343
27000 0.005348
27500 0.004999
28000 0.005858
28500 0.007912
29000 0.009164
29500 0.008580
30000 0.007220
30500 0.005934
31000 0.004954
31500 0.004456
32000 0.004890
32500 0.006738
33000 0.008850
33500 0.009120
34000 0.007958
34500 0.006552
35000 0.005367
35500 0.004493
36000 0.004086
36500 0.004601
37000 0.006546
37500 0.008805
38000 0.009180
38500 0.008038
39000 0.006622
39500 0.005430
40000 0.004583
