1000 0.013052
1500 0.030638
2000 0.039091
2500 0.047004
3000 0.047091
3500 0.039675
4000 0.038767
4500 0.042735
5000 0.039316
5500 0.044465
6000 0.032676
6500 0.039102
7000 0.036649
7500 0.036273
8000 0.041806
8500 0.039434
9000 0.037086
9500 0.043396
10000 0.039164
10500 0.036258
11000 0.038368
11500 0.049529
12000 0.046734
12500 0.046369
13000 0.043925
13500 0.040986
14000 0.036865
14500 0.038611
15000 0.042990
15500 0.040983
16000 0.037715
16500 0.033324
17000 0.030715
17500 0.030939
18000 0.036021
18500 0.037657
19000 0.044765
19500 0.046985
20000 0.037080
20500 0.046004
21000 0.042004
21500 0.036462
22000 0.032414
22500 0.028557
23000 0.025667
23500 0.033713
24000 0.044115
