1000 0.041317
1500 0.048218
2000 0.041988
2500 0.041022
3000 0.055234
3500 0.060840
4000 0.057267
4500 0.060593
5000 0.052883
5500 0.057341
6000 0.059058
6500 0.051690
7000 0.047212
7500 0.057180
8000 0.047679
8500 0.049407
9000 0.060349
9500 0.051822
10000 0.057818
10500 0.064808
11000 0.046422
11500 0.059667
12000 0.045796
12500 0.063317
13000 0.061555
13500 0.050828
14000 0.061042
14500 0.072607
15000 0.061930
15500 0.058415
16000 0.062863
16500 0.064798
17000 0.060651
17500 0.069372
18000 0.072460
18500 0.071133
19000 0.059617
19500 0.062346
20000 0.069675
20500 0.054565
21000 0.059637
21500 0.064834
22000 0.059428
22500 0.059827
23000 0.065784
23500 0.067260
24000 0.075326
