1000 0.018840
1500 0.037799
2000 0.046681
2500 0.033118
3000 0.044515
3500 0.041564
4000 0.035435
4500 0.044470
5000 0.047242
5500 0.042202
6000 0.045194
6500 0.039129
7000 0.041672
7500 0.045020
8000 0.052147
8500 0.039092
9000 0.049783
9500 0.041522
10000 0.033005
10500 0.036742
11000 0.043731
11500 0.044880
12000 0.040867
12500 0.040813
13000 0.043782
13500 0.045104
14000 0.046825
14500 0.045664
15000 0.045078
15500 0.050916
16000 0.048367
16500 0.036775
17000 0.042897
17500 0.038943
18000 0.041861
18500 0.036771
19000 0.041293
19500 0.043270
20000 0.051513
20500 0.049349
21000 0.042321
21500 0.049996
22000 0.050465
22500 0.047291
23000 0.045840
23500 0.047344
24000 0.044195
