1000 0.030383
1500 0.035046
2000 0.040647
2500 0.042067
3000 0.048640
3500 0.051972
4000 0.053150
4500 0.054639
5000 0.058436
5500 0.058804
6000 0.056873
6500 0.048474
7000 0.045669
7500 0.045532
8000 0.056109
8500 0.056766
9000 0.057755
9500 0.050589
10000 0.044129
10500 0.044548
11000 0.046673
11500 0.040884
12000 0.044915
12500 0.045559
13000 0.042038
13500 0.051636
14000 0.055521
14500 0.047945
15000 0.050163
15500 0.049739
16000 0.048296
16500 0.048895
17000 0.043410
17500 0.051190
18000 0.042414
18500 0.046879
19000 0.047659
19500 0.055606
20000 0.048514
20500 0.058551
21000 0.046409
21500 0.046272
22000 0.054861
22500 0.055854
23000 0.049394
23500 0.048269
24000 0.042744
