1000 0.000692
1500 0.001131
2000 0.001875
2500 0.003085
3000 0.004890
3500 0.007221
4000 0.009613
4500 0.011756
5000 0.015011
5500 0.015288
6000 0.016205
6500 0.015910
7000 0.011415
7500 0.011328
8000 0.017093
8500 0.015636
9000 0.014453
9500 0.016673
10000 0.013819
10500 0.014666
11000 0.017670
11500 0.014466
12000 0.016873
12500 0.016919
13000 0.011462
13500 0.009118
14000 0.015268
14500 0.018092
15000 0.014111
15500 0.017159
16000 0.016543
16500 0.012303
17000 0.015417
17500 0.018353
18000 0.013909
18500 0.016679
19000 0.017525
19500 0.011871
20000 0.009186
20500 0.015264
21000 0.018424
21500 0.013536
22000 0.015867
22500 0.018071
23000 0.013402
23500 0.015513
24000 0.018156
24500 0.013310
25000 0.014297
25500 0.018593
26000 0.014373
26500 0.015724
27000 0.018116
27500 0.013598
28000 0.016173
28500 0.017853
29000 0.013532
29500 0.017061
30000 0.017246
30500 0.013265
31000 0.017594
31500 0.016770
32000 0.013386
32500 0.018133
33000 0.016108
33500 0.013518
34000 0.018450
34500 0.015541
35000 0.013907
35500 0.018616
36000 0.014934
36500 0.014381
37000 0.018609
37500 0.014430
38000 0.015022
38500 0.018439
39000 0.013973
39500 0.015715
40000 0.018136
