1000 0.024687
1500 0.034983
2000 0.040135
2500 0.050046
3000 0.050283
3500 0.053324
4000 0.047106
4500 0.043688
5000 0.047907
5500 0.041226
6000 0.043256
6500 0.045849
7000 0.050127
7500 0.053300
8000 0.051072
8500 0.049291
9000 0.049298
9500 0.043578
10000 0.040939
10500 0.040493
11000 0.040601
11500 0.041813
12000 0.049119
12500 0.053016
13000 0.053655
13500 0.050553
14000 0.051430
14500 0.046364
15000 0.042450
15500 0.038369
16000 0.047004
16500 0.042579
17000 0.044546
17500 0.047630
18000 0.040864
18500 0.034823
19000 0.042354
19500 0.045340
20000 0.034824
20500 0.039435
21000 0.043692
21500 0.049616
22000 0.049125
22500 0.051102
23000 0.054336
23500 0.056675
24000 0.050126
