1000 0.022676
1500 0.037604
2000 0.037188
2500 0.049479
3000 0.043711
3500 0.046506
4000 0.042535
4500 0.047625
5000 0.060029
5500 0.049323
6000 0.044837
6500 0.047890
7000 0.053190
7500 0.057759
8000 0.053638
8500 0.042754
9000 0.050435
9500 0.052633
10000 0.049451
10500 0.041379
11000 0.043157
11500 0.045259
12000 0.042399
12500 0.041679
13000 0.048889
13500 0.051628
14000 0.052628
14500 0.041784
15000 0.047399
15500 0.051048
16000 0.056185
16500 0.057443
17000 0.053096
17500 0.051074
18000 0.055143
18500 0.057339
19000 0.051969
19500 0.050003
20000 0.045788
20500 0.057999
21000 0.054416
21500 0.056086
22000 0.050145
22500 0.048936
23000 0.049572
23500 0.047757
24000 0.047526
