1000 0.000106
1500 0.000118
2000 0.000133
2500 0.000151
3000 0.000172
3500 0.000197
4000 0.000226
4500 0.000260
5000 0.000299
5500 0.000344
6000 0.000397
6500 0.000458
7000 0.000529
7500 0.000611
8000 0.000706
8500 0.000816
9000 0.000941
9500 0.001084
10000 0.001244
10500 0.001421
11000 0.001614
11500 0.001818
12000 0.002027
12500 0.002234
13000 0.002428
13500 0.002601
14000 0.002748
14500 0.002869
15000 0.002975
15500 0.003069
16000 0.003158
16500 0.003265
17000 0.003421
17500 0.003663
18000 0.004003
18500 0.004384
19000 0.004677
19500 0.004781
20000 0.004686
20500 0.004435
21000 0.004114
21500 0.003798
22000 0.003550
22500 0.003438
23000 0.003543
23500 0.003919
24000 0.004491
24500 0.005006
25000 0.005223
25500 0.005113
26000 0.004777
26500 0.004352
27000 0.003925
27500 0.003545
28000 0.003245
28500 0.003066
29000 0.003080
29500 0.003370
30000 0.003963
30500 0.004694
31000 0.005230
31500 0.005363
32000 0.005147
32500 0.004740
33000 0.004276
33500 0.003830
34000 0.003433
34500 0.003105
35000 0.002871
35500 0.002781
36000 0.002914
36500 0.003355
37000 0.004088
37500 0.004872
38000 0.005354
38500 0.005394
39000 0.005104
39500 0.004660
40000 0.004186
40500 0.003740
41000 0.003349
41500 0.003029
42000 0.002806
42500 0.002730
43000 0.002884
43500 0.003350
44000 0.004106
44500 0.004900
45000 0.005376
45500 0.005402
46000 0.005101
46500 0.004652
47000 0.004176
47500 0.003731
48000 0.003342
48500 0.003026
49000 0.002812
49500 0.002753
50000 0.002935
50500 0.003435
51000 0.004208
51500 0.004979
52000 0.005401
52500 0.005380
53000 0.005054
53500 0.004596
54000 0.004122
54500 0.003683
55000 0.003303
55500 0.003001
56000 0.002808
56500 0.002784
57000 0.003019
57500 0.003577
58000 0.004373
58500 0.005095
59000 0.005427
59500 0.005332
60000 0.004968
60500 0.004501
61000 0.004032
61500 0.003604
62000 0.003238
62500 0.002955
63000 0.002793
63500 0.002817
64000 0.003118
64500 0.003743
65000 0.004554
65500 0.005208
66000 0.005436
66500 0.005267
67000 0.004868
67500 0.004395
68000 0.003932
68500 0.003516
69000 0.003167
69500 0.002907
70000 0.002779
70500 0.002858
71000 0.003232
71500 0.003919
72000 0.004728
72500 0.005300
73000 0.005428
73500 0.005190
74000 0.004764
74500 0.004288
75000 0.003833
75500 0.003431
76000 0.003099
76500 0.002864
77000 0.002775
77500 0.002912
78000 0.003359
78500 0.004099
79000 0.004888
79500 0.005367
80000 0.005401
80500 0.005106
81000 0.004660
81500 0.004184
82000 0.003739
82500 0.003351
83000 0.003038
83500 0.002829
84000 0.002782
84500 0.002981
85000 0.003501
85500 0.004281
86000 0.005029
86500 0.005412
87000 0.005358
87500 0.005015
88000 0.004554
88500 0.004082
89000 0.003649
89500 0.003275
90000 0.002982
90500 0.002802
91000 0.002801
91500 0.003066
92000 0.003656
92500 0.004461
93000 0.005152
93500 0.005433
94000 0.005302
94500 0.004920
95000 0.004450
95500 0.003984
96000 0.003561
96500 0.003203
97000 0.002931
97500 0.002784
98000 0.002833
98500 0.003168
99000 0.003823
99500 0.004635
100000 0.005253
100500 0.005435
101000 0.005233
101500 0.004820
102000 0.004345
102500 0.003886
103000 0.003477
103500 0.003135
104000 0.002886
104500 0.002775
105000 0.002879
105500 0.003286
106000 0.003998
106500 0.004800
107000 0.005333
107500 0.005418
108000 0.005155
108500 0.004718
109000 0.004242
109500 0.003792
110000 0.003395
110500 0.003072
111000 0.002848
111500 0.002776
112000 0.002939
112500 0.003419
113000 0.004178
113500 0.004951
114000 0.005389
114500 0.005384
115000 0.005067
115500 0.004614
116000 0.004140
116500 0.003700
117000 0.003318
117500 0.003013
118000 0.002817
118500 0.002788
119000 0.003016
119500 0.003567
120000 0.004359
120500 0.005085
121000 0.005423
121500 0.005336
122000 0.004975
122500 0.004509
123000 0.004040
123500 0.003610
124000 0.003243
124500 0.002959
125000 0.002793
125500 0.002813
126000 0.003108
126500 0.003727
127000 0.004537
127500 0.005199
128000 0.005437
128500 0.005273
129000 0.004877
129500 0.004404
130000 0.003941
130500 0.003524
131000 0.003173
131500 0.002911
132000 0.002779
132500 0.002851
133000 0.003217
133500 0.003898
134000 0.004708
134500 0.005291
135000 0.005430
135500 0.005200
136000 0.004777
136500 0.004300
137000 0.003845
137500 0.003441
138000 0.003107
138500 0.002869
139000 0.002774
139500 0.002903
140000 0.003342
140500 0.004075
141000 0.004867
141500 0.005360
142000 0.005406
142500 0.005117
143000 0.004673
143500 0.004197
144000 0.003751
144500 0.003361
145000 0.003045
145500 0.002833
146000 0.002780
146500 0.002971
147000 0.003481
147500 0.004257
148000 0.005011
148500 0.005407
149000 0.005365
149500 0.005028
150000 0.004569
150500 0.004096
151000 0.003661
151500 0.003285
152000 0.002989
152500 0.002806
153000 0.002797
153500 0.003054
154000 0.003635
154500 0.004437
155000 0.005137
155500 0.005432
156000 0.005310
156500 0.004933
157000 0.004464
157500 0.003996
158000 0.003573
158500 0.003212
159000 0.002937
159500 0.002786
160000 0.002828
160500 0.003153
161000 0.003800
161500 0.004613
162000 0.005241
162500 0.005436
163000 0.005243
163500 0.004834
164000 0.004359
164500 0.003899
165000 0.003488
165500 0.003144
166000 0.002892
166500 0.002776
167000 0.002872
167500 0.003269
168000 0.003974
168500 0.004779
169000 0.005324
169500 0.005422
170000 0.005165
170500 0.004732
171000 0.004255
171500 0.003804
172000 0.003406
172500 0.003080
173000 0.002853
173500 0.002775
174000 0.002931
174500 0.003400
175000 0.004154
175500 0.004932
