1000 0.004674
1500 0.010135
2000 0.017387
2500 0.029357
3000 0.031220
3500 0.029621
4000 0.026188
4500 0.025643
5000 0.025693
5500 0.028198
6000 0.023474
6500 0.027511
7000 0.034770
7500 0.031543
8000 0.029677
8500 0.028869
9000 0.032751
9500 0.030631
10000 0.034292
10500 0.029961
11000 0.031515
11500 0.029349
12000 0.029056
12500 0.029391
13000 0.032051
13500 0.029550
14000 0.030984
14500 0.032237
15000 0.030494
15500 0.031344
16000 0.027473
16500 0.029886
17000 0.029189
17500 0.024770
18000 0.026562
18500 0.030287
19000 0.028738
19500 0.029222
20000 0.029375
20500 0.030373
21000 0.034440
21500 0.029268
22000 0.030708
22500 0.032157
23000 0.028416
23500 0.031145
24000 0.030003
