1000 0.012570
1500 0.029419
2000 0.037454
2500 0.045229
3000 0.048193
3500 0.045337
4000 0.047470
4500 0.049231
5000 0.042571
5500 0.047307
6000 0.047563
6500 0.047550
7000 0.045025
7500 0.043708
8000 0.041786
8500 0.040093
9000 0.040223
9500 0.036470
10000 0.040827
10500 0.044906
11000 0.045460
11500 0.040745
12000 0.032166
12500 0.031871
13000 0.042676
13500 0.041112
14000 0.047546
14500 0.042580
15000 0.048791
15500 0.041844
16000 0.047306
16500 0.043055
17000 0.036358
17500 0.042729
18000 0.040016
18500 0.033492
19000 0.042020
19500 0.034654
20000 0.037104
20500 0.040633
21000 0.034399
21500 0.034502
22000 0.027693
22500 0.033746
23000 0.037474
23500 0.035370
24000 0.031473
