# zeta    mean_speed
0.0001 0.0
0.0002 0.0
0.0003 0.0
0.0004 0.0
0.0005 0.0
0.0006 0.0
0.0007 5.235000000000001e-06
0.0008 0.000167605
0.0009 0.000588945
0.001 0.000704345
0.0011 0.00097873
0.0012 0.0011625350000000001
0.0013 0.0013739299999999998
0.0014 0.00155873
0.0015 0.00173383
0.0016 0.0019149650000000002
0.0017 0.0020887699999999998
0.0018 0.00225362
0.0019 0.002451675
0.002 0.00260155
0.0021 0.00275825
0.0022 0.0029279350000000004
0.0023 0.003061155
0.0024 0.0031968200000000004
0.0025 0.00334613
0.0026 0.0035005350000000004
0.0027 0.003609695
0.0028 0.0037647799999999997
0.0029 0.00389805
0.003 0.00397104
0.0031 0.00412215
0.0032 0.0042029500000000004
0.0033 0.004269055
0.0034 0.004333409999999999
0.0035 0.0043669550000000005
0.0036 0.0043840599999999995
0.0037 0.00437516
0.0038 0.004210015
0.0039 0.004554975
0.004 0.00468603
0.0042 0.0051804550000000005
0.0044 0.005644429999999999
0.0046 0.00581408
0.0048 0.006448290000000001
0.005 0.006912530000000001
0.0052 0.007399389999999999
0.0054 0.007668165
0.0056 0.008258125
0.0058 0.00858472
0.006 0.009125725
0.0062 0.00953075
0.0064 0.00995088
0.0066 0.01021224
0.0068 0.010712065
0.007 0.011082605
0.0072 0.011481004999999999
0.0074 0.01187514
0.0076 0.012254540000000001
0.0078 0.01262145
0.008 0.012994305000000001
0.0082 0.013382895
0.0084 0.013722265
0.0086 0.01411483
0.0088 0.01448541
0.009 0.0148559
0.0092 0.01522407
0.0094 0.015567115
0.0096 0.015957449999999998
0.0098 0.01630098
0.01 0.016671384999999997
0.0102 0.017011995
0.0104 0.017369344999999998
0.0106 0.01774595
0.0108 0.018022445
0.011 0.018443070000000002
0.0112 0.018796205
0.0114 0.019151755
0.0116 0.019387654999999997
0.0118 0.019193695
0.012 0.019364585
0.0122 0.020069029999999998
0.0124 0.019957095
0.0126 0.019224935
0.0128 0.020658305000000002
0.013 0.020788785
0.0132 0.02034712
0.0134 0.022247384999999998
0.0136 0.0211794
0.0138 0.02089757
0.014 0.020605320000000003
0.0142 0.02001333
0.0144 0.02053642
0.0146 0.02238207
0.0148 0.0199129
0.015 0.02175347
0.0152 0.021909795
0.0154 0.024110605
0.0156 0.02215401
0.0158 0.022361340000000004
0.016 0.022511510000000002
0.0162 0.023857100000000006
0.0164 0.02218139
0.0166 0.02345237
0.0168 0.022460164999999997
0.017 0.0236132
0.0172 0.023474155000000003
0.0174 0.023840974999999997
0.0176 0.023979155
0.0178 0.024672915
0.018 0.024555834999999998
0.0182 0.025368325
0.0184 0.025984584999999994
0.0186 0.025230299999999997
0.0188 0.025833065
0.019 0.026382509999999998
0.0192 0.026570339999999998
0.0194 0.02577651
0.0196 0.027837795000000002
0.0198 0.02640211
0.02 0.026811800000000004
0.0202 0.026469279999999998
0.0204 0.027074759999999996
0.0206 0.027557650000000003
0.0208 0.027097794999999997
0.021 0.028458485
0.0212 0.028754635000000004
0.0214 0.02909612
0.0216 0.028706164999999995
0.0218 0.02908699
0.022 0.029297564999999998
0.0222 0.03099252
0.0224 0.030411054999999996
0.0226 0.030242659999999998
0.0228 0.030649185000000002
0.023 0.02976739
0.0232 0.030196300000000002
0.0234 0.031133155000000003
0.0236 0.031854605
0.0238 0.03134854
0.024 0.031873425000000004
0.0242 0.032206195
0.0244 0.03106378
0.0246 0.03227624
0.0248 0.032765685
0.025 0.033511135000000004
0.0252 0.033640595
0.0254 0.03355638
0.0256 0.034490740000000006
0.0258 0.03233449
0.026 0.034630944999999996
0.0262 0.034468705
0.0264 0.03557003499999999
0.0266 0.034396075
0.0268 0.035243525
0.027 0.035558335
0.0272 0.03525483
0.0274 0.035809795000000005
0.0276 0.035601615
0.0278 0.03588853
0.028 0.03417042000000001
0.0282 0.036186695
0.0284 0.035800175
0.0286 0.037755175
0.0288 0.037186305
0.029 0.038113230000000005
0.0292 0.037018045
0.0294 0.03786489
0.0296 0.03928484
0.0298 0.03811135
0.03 0.038322264999999994
0.0302 0.03896664
0.0304 0.038321965
0.0306 0.039440550000000005
0.0308 0.040518935000000006
0.031 0.03966931
0.0312 0.038826035
0.0314 0.039763125
0.0316 0.03934285
0.0318 0.039588755
0.032 0.041122015000000005
0.0322 0.04059013
0.0324 0.03970212
0.0326 0.041810484999999994
0.0328 0.04221596
0.033 0.041407495
0.0332 0.041956820000000006
0.0334 0.040395595
0.0336 0.042390449999999996
0.0338 0.04096792
0.034 0.042770665
0.0342 0.04280662
0.0344 0.04361688000000001
0.0346 0.04402060000000001
0.0348 0.04417081
0.035 0.044090495
0.0352 0.04429824500000001
0.0354 0.044417624999999995
0.0356 0.04539553
0.0358 0.045520215
0.036 0.044377935
0.0362 0.04440687000000001
0.0364 0.044793875
0.0366 0.045100905000000004
0.0368 0.045173819999999996
0.037 0.045923165
0.0372 0.04668638
0.0374 0.04582217
0.0376 0.046263559999999995
0.0378 0.046188895
0.038 0.046193519999999995
0.0382 0.04720993
0.0384 0.0473257
0.0386 0.04731806499999999
0.0388 0.048520725
0.039 0.04815364
0.0392 0.048523965
0.0394 0.047934865
0.0396 0.04848644999999999
0.0398 0.04832276
0.04 0.048607370000000004
0.0402 0.049402325000000004
0.0404 0.048607960000000006
0.0406 0.049482729999999996
0.0408 0.049441785
0.041 0.04808523000000001
0.0412 0.05027906
0.0414 0.049392889999999995
0.0416 0.049570485
0.0418 0.050015779999999996
0.042 0.051042515000000004
0.0422 0.05068113999999999
0.0424 0.0507817
0.0426 0.051771544999999995
0.0428 0.05270009999999999
0.043 0.050594944999999995
0.0432 0.052236545
0.0434 0.050470135
0.0436 0.051973155
0.0438 0.05246826
0.044 0.05229723
0.0442 0.052242300000000005
0.0444 0.053956080000000003
0.0446 0.052410885
0.0448 0.053922495
0.045 0.053056975
0.0452 0.05261250500000001
0.0454 0.05354578
0.0456 0.05546176
0.0458 0.05402075
0.046 0.055139230000000004
0.0462 0.05336784
0.0464 0.05447209000000001
0.0466 0.053658025
0.0468 0.056004620000000005
0.047 0.055599050000000004
0.0472 0.055668959999999997
0.0474 0.05612978
0.0476 0.054201975000000006
0.0478 0.055495010000000004
0.048 0.057262885
0.0482 0.05707374
0.0484 0.057198
0.0486 0.05679723500000001
0.0488 0.05660183
0.049 0.057537455
0.0492 0.05684925
0.0494 0.057749959999999996
0.0496 0.05741816499999999
0.0498 0.057535369999999995
0.05 0.057662864999999994
