1000 0.003524
1500 0.007846
2000 0.013882
2500 0.021895
3000 0.026634
3500 0.027215
4000 0.020733
4500 0.021751
5000 0.025553
5500 0.031806
6000 0.026800
6500 0.028120
7000 0.029986
7500 0.028574
8000 0.030588
8500 0.028068
9000 0.027257
9500 0.021666
10000 0.024772
10500 0.028303
11000 0.023164
11500 0.025667
12000 0.024183
12500 0.029026
13000 0.028032
13500 0.021983
14000 0.023764
14500 0.025438
15000 0.023455
15500 0.023855
16000 0.029175
16500 0.026967
17000 0.021230
17500 0.021404
18000 0.019822
18500 0.025774
19000 0.030244
19500 0.027513
20000 0.027316
20500 0.027695
21000 0.024557
21500 0.023589
22000 0.024592
22500 0.024104
23000 0.024277
23500 0.028458
24000 0.025078
24500 0.023661
25000 0.025807
25500 0.024401
26000 0.025016
26500 0.026259
