1000 0.037948
1500 0.048759
2000 0.052966
2500 0.053967
3000 0.051936
3500 0.051591
4000 0.054530
4500 0.056454
5000 0.049818
5500 0.053785
6000 0.063317
6500 0.060572
7000 0.062125
7500 0.066464
8000 0.070398
8500 0.057432
9000 0.057794
9500 0.048319
10000 0.058493
10500 0.052650
11000 0.058550
11500 0.058150
12000 0.062369
12500 0.054727
13000 0.047513
13500 0.047545
14000 0.049554
14500 0.051676
15000 0.053142
15500 0.054765
16000 0.051183
16500 0.061401
17000 0.062587
17500 0.071265
18000 0.053122
18500 0.051215
19000 0.056583
19500 0.058119
20000 0.054663
20500 0.049688
21000 0.053915
21500 0.064711
22000 0.070004
22500 0.055328
23000 0.056356
23500 0.055163
24000 0.046783
