1000 0.001780
1500 0.002159
2000 0.002513
2500 0.002832
3000 0.003121
3500 0.003353
4000 0.003432
4500 0.003372
5000 0.003289
5500 0.003247
6000 0.003286
6500 0.003405
7000 0.003570
7500 0.003701
8000 0.003789
8500 0.003826
9000 0.003810
9500 0.003763
10000 0.003698
10500 0.003623
11000 0.003550
11500 0.003483
12000 0.003417
12500 0.003369
13000 0.003334
13500 0.003315
14000 0.003297
14500 0.003273
15000 0.003237
15500 0.003191
16000 0.003157
16500 0.003123
17000 0.003047
17500 0.002964
18000 0.002881
18500 0.002804
19000 0.002734
19500 0.002672
20000 0.002619
20500 0.002573
21000 0.002534
21500 0.002501
22000 0.002474
22500 0.002451
23000 0.002433
23500 0.002418
24000 0.002407
24500 0.002398
25000 0.002391
25500 0.002387
26000 0.002384
26500 0.002384
27000 0.002384
27500 0.002387
28000 0.002390
28500 0.002395
29000 0.002400
29500 0.002406
30000 0.002413
30500 0.002420
31000 0.002427
31500 0.002434
32000 0.002440
32500 0.002446
33000 0.002451
33500 0.002455
34000 0.002458
34500 0.002461
35000 0.002463
35500 0.002463
36000 0.002463
36500 0.002462
37000 0.002461
37500 0.002458
38000 0.002455
38500 0.002452
39000 0.002448
39500 0.002444
40000 0.002439
40500 0.002435
41000 0.002430
41500 0.002426
42000 0.002422
42500 0.002418
43000 0.002414
43500 0.002411
44000 0.002408
44500 0.002406
45000 0.002403
45500 0.002401
46000 0.002400
46500 0.002398
47000 0.002397
47500 0.002396
48000 0.002396
48500 0.002395
49000 0.002396
49500 0.002396
50000 0.002398
50500 0.002399
51000 0.002402
51500 0.002405
52000 0.002408
52500 0.002412
53000 0.002415
53500 0.002420
54000 0.002424
54500 0.002428
55000 0.002432
55500 0.002435
56000 0.002439
56500 0.002441
57000 0.002444
57500 0.002446
58000 0.002447
58500 0.002447
59000 0.002447
59500 0.002447
60000 0.002446
60500 0.002444
61000 0.002442
61500 0.002440
62000 0.002437
62500 0.002434
63000 0.002431
63500 0.002427
64000 0.002424
64500 0.002421
65000 0.002417
65500 0.002414
66000 0.002411
66500 0.002408
67000 0.002405
67500 0.002402
68000 0.002400
68500 0.002398
69000 0.002396
69500 0.002395
70000 0.002394
70500 0.002393
71000 0.002393
71500 0.002393
72000 0.002393
72500 0.002394
73000 0.002395
73500 0.002396
74000 0.002398
74500 0.002399
75000 0.002401
75500 0.002403
76000 0.002405
76500 0.002407
77000 0.002409
77500 0.002410
78000 0.002411
78500 0.002412
79000 0.002413
79500 0.002413
80000 0.002413
80500 0.002413
81000 0.002412
81500 0.002411
82000 0.002409
82500 0.002407
83000 0.002405
83500 0.002403
84000 0.002400
84500 0.002398
85000 0.002395
85500 0.002392
86000 0.002389
86500 0.002386
87000 0.002384
87500 0.002381
88000 0.002379
88500 0.002377
89000 0.002375
89500 0.002373
90000 0.002371
90500 0.002370
91000 0.002369
91500 0.002368
92000 0.002367
92500 0.002366
93000 0.002366
93500 0.002365
94000 0.002365
94500 0.002364
95000 0.002364
95500 0.002364
96000 0.002363
96500 0.002363
97000 0.002363
97500 0.002363
98000 0.002363
98500 0.002362
99000 0.002362
99500 0.002362
100000 0.002361
100500 0.002361
101000 0.002360
101500 0.002360
102000 0.002359
102500 0.002359
103000 0.002358
103500 0.002358
104000 0.002357
104500 0.002356
105000 0.002356
105500 0.002355
106000 0.002354
106500 0.002354
107000 0.002353
107500 0.002352
108000 0.002352
108500 0.002351
109000 0.002351
109500 0.002350
110000 0.002349
110500 0.002349
111000 0.002348
111500 0.002348
112000 0.002347
112500 0.002347
113000 0.002346
113500 0.002346
114000 0.002345
114500 0.002345
115000 0.002344
115500 0.002344
116000 0.002343
116500 0.002343
117000 0.002342
117500 0.002342
118000 0.002342
118500 0.002341
119000 0.002341
119500 0.002341
120000 0.002340
120500 0.002340
121000 0.002340
121500 0.002339
122000 0.002339
122500 0.002339
123000 0.002339
123500 0.002338
124000 0.002338
124500 0.002338
125000 0.002338
125500 0.002337
126000 0.002337
126500 0.002337
127000 0.002337
127500 0.002337
128000 0.002337
128500 0.002336
129000 0.002336
129500 0.002336
130000 0.002336
130500 0.002336
131000 0.002336
131500 0.002336
132000 0.002335
132500 0.002335
133000 0.002335
133500 0.002335
134000 0.002335
134500 0.002335
135000 0.002335
135500 0.002335
136000 0.002335
136500 0.002335
137000 0.002334
137500 0.002334
138000 0.002334
138500 0.002334
139000 0.002334
139500 0.002334
140000 0.002334
140500 0.002334
141000 0.002334
141500 0.002334
142000 0.002334
142500 0.002334
143000 0.002334
143500 0.002334
144000 0.002334
144500 0.002334
145000 0.002334
145500 0.002334
146000 0.002334
146500 0.002334
147000 0.002334
147500 0.002333
148000 0.002333
148500 0.002333
149000 0.002333
149500 0.002333
150000 0.002333
150500 0.002333
151000 0.002333
151500 0.002333
152000 0.002333
152500 0.002333
153000 0.002333
153500 0.002333
154000 0.002333
154500 0.002333
155000 0.002333
155500 0.002333
156000 0.002333
156500 0.002333
157000 0.002333
157500 0.002333
158000 0.002333
158500 0.002333
159000 0.002333
159500 0.002333
160000 0.002333
160500 0.002333
161000 0.002333
161500 0.002333
162000 0.002333
162500 0.002333
163000 0.002333
163500 0.002333
164000 0.002333
164500 0.002333
165000 0.002333
165500 0.002333
166000 0.002333
166500 0.002333
167000 0.002333
167500 0.002333
168000 0.002333
168500 0.002333
169000 0.002333
169500 0.002333
170000 0.002333
170500 0.002333
171000 0.002333
171500 0.002333
172000 0.002333
172500 0.002333
173000 0.002333
173500 0.002333
174000 0.002333
174500 0.002333
175000 0.002333
