1000 0.002118
1500 0.004494
2000 0.008845
2500 0.014740
3000 0.015913
3500 0.020910
4000 0.020791
4500 0.023061
5000 0.023562
5500 0.021661
6000 0.019792
6500 0.020346
7000 0.021225
7500 0.024399
8000 0.022944
8500 0.021981
9000 0.022392
9500 0.022042
10000 0.022507
10500 0.021705
11000 0.020328
11500 0.019464
12000 0.021365
12500 0.021782
13000 0.019192
13500 0.021766
14000 0.022622
14500 0.023141
15000 0.023754
15500 0.022910
16000 0.026006
16500 0.022928
17000 0.025928
17500 0.025481
18000 0.022909
18500 0.028424
19000 0.028317
19500 0.022914
20000 0.028018
20500 0.026021
21000 0.023552
21500 0.023224
22000 0.024314
22500 0.022939
23000 0.022586
23500 0.025214
24000 0.022774
24500 0.022038
25000 0.023272
25500 0.024535
26000 0.023258
26500 0.022466
