1000 0.000159
1500 0.000188
2000 0.000226
2500 0.000273
3000 0.000332
3500 0.000405
4000 0.000495
4500 0.000606
5000 0.000742
5500 0.000909
6000 0.001112
6500 0.001358
7000 0.001648
7500 0.001985
8000 0.002361
8500 0.002762
9000 0.003167
9500 0.003551
10000 0.003917
10500 0.004279
11000 0.004626
11500 0.005003
12000 0.005474
12500 0.005976
13000 0.006264
13500 0.006155
14000 0.005736
14500 0.005279
15000 0.005098
15500 0.005488
16000 0.006389
16500 0.007052
17000 0.006963
17500 0.006306
18000 0.005495
18500 0.004774
19000 0.004277
19500 0.004184
20000 0.004777
20500 0.006067
21000 0.007209
21500 0.007359
22000 0.006717
22500 0.005818
23000 0.004970
23500 0.004265
24000 0.003755
24500 0.003554
25000 0.003909
25500 0.005075
26000 0.006677
26500 0.007554
27000 0.007290
27500 0.006441
28000 0.005505
28500 0.004672
29000 0.003973
29500 0.003409
30000 0.003000
30500 0.002832
31000 0.003123
31500 0.004182
32000 0.005941
32500 0.007371
33000 0.007549
33500 0.006839
34000 0.005888
34500 0.005001
35000 0.004255
35500 0.003674
36000 0.003312
36500 0.003331
37000 0.004028
37500 0.005534
38000 0.007109
38500 0.007612
39000 0.007073
39500 0.006146
40000 0.005229
40500 0.004438
41000 0.003793
41500 0.003315
42000 0.003084
42500 0.003312
43000 0.004309
43500 0.006008
44000 0.007382
44500 0.007532
45000 0.006816
45500 0.005866
46000 0.004978
46500 0.004222
47000 0.003603
47500 0.003130
48000 0.002852
48500 0.002930
49000 0.003659
49500 0.005212
50000 0.006946
50500 0.007645
51000 0.007196
51500 0.006281
52000 0.005345
52500 0.004526
53000 0.003842
53500 0.003284
54000 0.002850
54500 0.002583
55000 0.002617
55500 0.003232
56000 0.004677
56500 0.006549
57000 0.007608
57500 0.007391
58000 0.006530
58500 0.005574
59000 0.004720
59500 0.004004
60000 0.003422
60500 0.002983
61000 0.002743
61500 0.002874
62000 0.003681
62500 0.005304
63000 0.007028
63500 0.007653
64000 0.007157
64500 0.006229
65000 0.005296
65500 0.004485
66000 0.003811
66500 0.003268
67000 0.002872
67500 0.002699
68000 0.002958
68500 0.003962
69000 0.005716
69500 0.007281
70000 0.007610
70500 0.006960
71000 0.006008
71500 0.005098
72000 0.004316
72500 0.003666
73000 0.003135
73500 0.002723
74000 0.002467
74500 0.002493
75000 0.003070
75500 0.004463
76000 0.006368
76500 0.007574
77000 0.007467
77500 0.006638
78000 0.005676
78500 0.004806
79000 0.004070
79500 0.003460
80000 0.002959
80500 0.002563
81000 0.002293
81500 0.002246
82000 0.002645
82500 0.003797
83000 0.005674
83500 0.007304
84000 0.007639
84500 0.006976
85000 0.006017
85500 0.005104
86000 0.004323
86500 0.003682
87000 0.003184
87500 0.002870
88000 0.002883
88500 0.003509
89000 0.004972
89500 0.006760
90000 0.007631
90500 0.007294
91000 0.006403
91500 0.005457
92000 0.004621
92500 0.003919
93000 0.003341
93500 0.002878
94000 0.002547
94500 0.002431
95000 0.002738
95500 0.003781
96000 0.005582
96500 0.007234
97000 0.007642
97500 0.007019
98000 0.006067
98500 0.005149
99000 0.004358
99500 0.003700
100000 0.003160
100500 0.002735
101000 0.002453
101500 0.002421
102000 0.002886
102500 0.004144
103000 0.006040
103500 0.007460
104000 0.007558
104500 0.006801
105000 0.005837
105500 0.004945
106000 0.004186
106500 0.003556
107000 0.003040
107500 0.002631
108000 0.002354
108500 0.002304
109000 0.002710
109500 0.003876
110000 0.005753
110500 0.007342
111000 0.007629
111500 0.006945
112000 0.005984
112500 0.005075
113000 0.004300
113500 0.003667
114000 0.003185
114500 0.002909
115000 0.003011
115500 0.003797
116000 0.005398
116500 0.007070
117000 0.007635
117500 0.007110
118000 0.006181
118500 0.005254
119000 0.004449
119500 0.003777
120000 0.003224
120500 0.002784
121000 0.002479
121500 0.002399
122000 0.002770
122500 0.003899
123000 0.005747
123500 0.007326
124000 0.007621
124500 0.006944
125000 0.005987
125500 0.005080
126000 0.004309
126500 0.003688
127000 0.003238
127500 0.003055
128000 0.003369
128500 0.004483
129000 0.006226
129500 0.007480
130000 0.007483
130500 0.006707
131000 0.005753
131500 0.004878
132000 0.004136
132500 0.003522
133000 0.003029
133500 0.002671
134000 0.002528
134500 0.002804
135000 0.003811
135500 0.005582
136000 0.007222
136500 0.007632
137000 0.007015
137500 0.006066
138000 0.005149
138500 0.004358
139000 0.003697
139500 0.003149
140000 0.002697
140500 0.002330
141000 0.002057
141500 0.001929
142000 0.002097
142500 0.002835
143000 0.004380
143500 0.006382
144000 0.007604
144500 0.007475
145000 0.006631
145500 0.005664
146000 0.004794
146500 0.004061
147000 0.003463
147500 0.002996
148000 0.002699
148500 0.002703
149000 0.003281
149500 0.004690
150000 0.006545
150500 0.007610
151000 0.007400
151500 0.006543
152000 0.005589
152500 0.004742
153000 0.004048
153500 0.003535
154000 0.003292
154500 0.003545
155000 0.004595
155500 0.006274
156000 0.007474
156500 0.007457
157000 0.006680
157500 0.005731
158000 0.004861
158500 0.004122
159000 0.003509
159500 0.003013
160000 0.002641
160500 0.002453
161000 0.002621
161500 0.003447
162000 0.005092
162500 0.006907
163000 0.007657
163500 0.007223
164000 0.006307
164500 0.005365
165000 0.004542
165500 0.003851
166000 0.003280
166500 0.002814
167000 0.002453
167500 0.002236
168000 0.002292
168500 0.002885
169000 0.004286
169500 0.006236
170000 0.007544
170500 0.007512
171000 0.006703
171500 0.005737
172000 0.004858
172500 0.004113
173000 0.003498
173500 0.003002
174000 0.002634
174500 0.002456
175000 0.002646
175500 0.003510
176000 0.005187
176500 0.006983
177000 0.007670
