1000 0.000075
1500 0.000079
2000 0.000086
2500 0.000093
3000 0.000101
3500 0.000111
4000 0.000121
4500 0.000133
5000 0.000146
5500 0.000161
6000 0.000177
6500 0.000196
7000 0.000216
7500 0.000238
8000 0.000264
8500 0.000292
9000 0.000323
9500 0.000358
10000 0.000397
10500 0.000440
11000 0.000487
11500 0.000540
12000 0.000599
12500 0.000664
13000 0.000735
13500 0.000812
14000 0.000897
14500 0.000988
15000 0.001086
15500 0.001189
16000 0.001296
16500 0.001407
17000 0.001518
17500 0.001627
18000 0.001732
18500 0.001829
19000 0.001915
19500 0.001988
20000 0.002047
20500 0.002090
21000 0.002117
21500 0.002129
22000 0.002127
22500 0.002114
23000 0.002090
23500 0.002060
24000 0.002028
24500 0.001998
25000 0.001977
25500 0.001974
26000 0.002001
26500 0.002074
27000 0.002206
27500 0.002406
28000 0.002669
28500 0.002966
29000 0.003245
29500 0.003453
30000 0.003556
30500 0.003552
31000 0.003458
31500 0.003303
32000 0.003117
32500 0.002921
33000 0.002730
33500 0.002556
34000 0.002410
34500 0.002305
35000 0.002259
35500 0.002295
36000 0.002438
36500 0.002697
37000 0.003048
37500 0.003418
38000 0.003713
38500 0.003866
39000 0.003868
39500 0.003748
40000 0.003552
40500 0.003321
41000 0.003083
41500 0.002855
42000 0.002649
42500 0.002475
43000 0.002344
43500 0.002275
44000 0.002290
44500 0.002414
45000 0.002663
45500 0.003015
46000 0.003402
46500 0.003722
47000 0.003897
47500 0.003912
48000 0.003798
48500 0.003602
49000 0.003366
49500 0.003123
50000 0.002890
50500 0.002679
51000 0.002500
51500 0.002365
52000 0.002292
52500 0.002302
53000 0.002423
53500 0.002669
54000 0.003020
54500 0.003406
55000 0.003725
55500 0.003899
56000 0.003914
56500 0.003800
57000 0.003603
57500 0.003367
58000 0.003124
58500 0.002891
59000 0.002681
59500 0.002503
60000 0.002370
60500 0.002299
61000 0.002314
61500 0.002441
62000 0.002692
62500 0.003046
63000 0.003429
63500 0.003739
64000 0.003903
64500 0.003909
65000 0.003788
65500 0.003588
66000 0.003351
66500 0.003109
67000 0.002877
67500 0.002669
68000 0.002494
68500 0.002365
69000 0.002300
69500 0.002324
70000 0.002461
70500 0.002722
71000 0.003081
71500 0.003461
72000 0.003760
72500 0.003909
73000 0.003902
73500 0.003772
74000 0.003567
74500 0.003329
75000 0.003087
75500 0.002857
76000 0.002652
76500 0.002481
77000 0.002357
77500 0.002300
78000 0.002333
78500 0.002481
79000 0.002753
79500 0.003118
80000 0.003495
80500 0.003781
81000 0.003914
81500 0.003894
82000 0.003755
82500 0.003545
83000 0.003306
83500 0.003064
84000 0.002836
84500 0.002633
85000 0.002466
85500 0.002348
86000 0.002299
86500 0.002342
87000 0.002503
87500 0.002787
88000 0.003157
88500 0.003528
89000 0.003801
89500 0.003918
90000 0.003885
90500 0.003736
91000 0.003522
91500 0.003281
92000 0.003041
92500 0.002815
93000 0.002615
93500 0.002452
94000 0.002340
94500 0.002298
95000 0.002353
95500 0.002526
96000 0.002821
96500 0.003195
97000 0.003561
97500 0.003820
98000 0.003921
98500 0.003874
99000 0.003717
99500 0.003499
100000 0.003257
100500 0.003017
101000 0.002794
101500 0.002597
102000 0.002438
102500 0.002332
103000 0.002299
103500 0.002364
104000 0.002550
104500 0.002855
105000 0.003234
105500 0.003593
106000 0.003838
106500 0.003923
107000 0.003863
107500 0.003697
108000 0.003475
108500 0.003233
109000 0.002994
109500 0.002773
110000 0.002579
110500 0.002425
111000 0.002325
111500 0.002301
112000 0.002377
112500 0.002575
113000 0.002891
113500 0.003272
114000 0.003624
114500 0.003853
115000 0.003923
115500 0.003850
116000 0.003677
116500 0.003451
117000 0.003209
117500 0.002971
118000 0.002752
118500 0.002562
119000 0.002413
119500 0.002319
120000 0.002303
120500 0.002391
121000 0.002602
121500 0.002927
122000 0.003310
122500 0.003654
123000 0.003868
123500 0.003921
124000 0.003836
124500 0.003656
125000 0.003427
125500 0.003185
126000 0.002948
126500 0.002732
127000 0.002545
127500 0.002400
128000 0.002314
128500 0.002307
129000 0.002407
129500 0.002630
130000 0.002964
130500 0.003348
131000 0.003682
131500 0.003880
132000 0.003919
132500 0.003822
133000 0.003635
133500 0.003403
134000 0.003160
134500 0.002926
135000 0.002712
135500 0.002529
136000 0.002389
136500 0.002309
137000 0.002312
137500 0.002423
138000 0.002659
138500 0.003002
139000 0.003385
139500 0.003709
140000 0.003891
140500 0.003914
141000 0.003806
141500 0.003613
142000 0.003379
142500 0.003137
143000 0.002903
143500 0.002692
144000 0.002513
144500 0.002378
145000 0.002305
145500 0.002318
146000 0.002441
146500 0.002689
147000 0.003040
147500 0.003422
148000 0.003734
148500 0.003900
149000 0.003909
149500 0.003790
150000 0.003591
150500 0.003355
151000 0.003113
151500 0.002881
152000 0.002672
152500 0.002497
153000 0.002368
153500 0.002302
154000 0.002325
154500 0.002460
155000 0.002720
155500 0.003078
156000 0.003458
156500 0.003758
157000 0.003908
157500 0.003902
158000 0.003773
158500 0.003569
159000 0.003331
159500 0.003089
160000 0.002859
160500 0.002653
161000 0.002482
161500 0.002358
162000 0.002300
162500 0.002333
163000 0.002480
163500 0.002752
164000 0.003116
164500 0.003493
165000 0.003780
165500 0.003914
166000 0.003894
166500 0.003755
167000 0.003546
167500 0.003307
168000 0.003065
168500 0.002837
169000 0.002634
169500 0.002467
170000 0.002349
170500 0.002299
171000 0.002342
171500 0.002502
172000 0.002785
172500 0.003155
173000 0.003527
173500 0.003801
174000 0.003918
174500 0.003885
175000 0.003737
175500 0.003523
176000 0.003282
176500 0.003042
