1000 0.000282
1500 0.000371
2000 0.000497
2500 0.000672
3000 0.000912
3500 0.001239
4000 0.001678
4500 0.002255
5000 0.002978
5500 0.003828
6000 0.004716
6500 0.005557
7000 0.006390
7500 0.007193
8000 0.008115
8500 0.008926
9000 0.008660
9500 0.008047
10000 0.008666
10500 0.010221
11000 0.010093
11500 0.008521
12000 0.007291
12500 0.007671
13000 0.009978
13500 0.010905
14000 0.009385
14500 0.007502
15000 0.006276
15500 0.006590
16000 0.009249
16500 0.011199
17000 0.010064
17500 0.007977
18000 0.006234
18500 0.005018
19000 0.004670
19500 0.006241
20000 0.009854
20500 0.011363
21000 0.009767
21500 0.007667
22000 0.006126
22500 0.005652
23000 0.007354
23500 0.010600
24000 0.011111
24500 0.009197
25000 0.007163
25500 0.005611
26000 0.004664
26500 0.004896
27000 0.007479
27500 0.010923
28000 0.010995
28500 0.008939
29000 0.006937
29500 0.005441
30000 0.004587
30500 0.005035
31000 0.007911
31500 0.011139
32000 0.010811
32500 0.008708
33000 0.006856
33500 0.005900
34000 0.006798
34500 0.009892
35000 0.011301
35500 0.009751
36000 0.007672
36500 0.006169
37000 0.005812
37500 0.007728
38000 0.010822
38500 0.010959
39000 0.008987
39500 0.007138
40000 0.006293
