1000 0.036339
1500 0.047112
2000 0.052842
2500 0.049978
3000 0.048963
3500 0.040965
4000 0.049540
4500 0.037114
5000 0.048530
5500 0.048658
6000 0.055812
6500 0.053557
7000 0.048740
7500 0.055753
8000 0.056344
8500 0.054770
9000 0.052400
9500 0.047340
10000 0.053632
10500 0.054969
11000 0.048637
11500 0.043047
12000 0.043917
12500 0.044897
13000 0.052484
13500 0.049796
14000 0.052753
14500 0.056128
15000 0.044187
15500 0.065190
16000 0.058418
16500 0.049548
17000 0.062646
17500 0.054650
18000 0.063897
18500 0.058209
19000 0.057230
19500 0.057302
20000 0.050889
20500 0.056935
21000 0.063455
21500 0.054154
22000 0.042341
22500 0.059562
23000 0.050711
23500 0.050656
24000 0.048259
