1000 0.007252
1500 0.014933
2000 0.030317
2500 0.032035
3000 0.031699
3500 0.037738
4000 0.034120
4500 0.032710
5000 0.036412
5500 0.032723
6000 0.034232
6500 0.035147
7000 0.035650
7500 0.032754
8000 0.031123
8500 0.033791
9000 0.034223
9500 0.028556
10000 0.034553
10500 0.028212
11000 0.037373
11500 0.033817
12000 0.033213
12500 0.039584
13000 0.032300
13500 0.029719
14000 0.035122
14500 0.027131
15000 0.033669
15500 0.024879
16000 0.028373
16500 0.025860
17000 0.026470
17500 0.031323
18000 0.030219
18500 0.029274
19000 0.033102
19500 0.031187
20000 0.029747
20500 0.027552
21000 0.031561
21500 0.027406
22000 0.028944
22500 0.035280
23000 0.035700
23500 0.032069
24000 0.035821
