1000 0.019205
1500 0.037869
2000 0.046333
2500 0.035680
3000 0.041271
3500 0.041126
4000 0.038019
4500 0.047822
5000 0.050346
5500 0.044253
6000 0.040420
6500 0.037009
7000 0.042230
7500 0.042889
8000 0.044879
8500 0.043951
9000 0.044587
9500 0.048143
10000 0.048217
10500 0.049440
11000 0.052023
11500 0.052614
12000 0.047954
12500 0.044647
13000 0.041152
13500 0.038574
14000 0.051080
14500 0.042859
15000 0.048527
15500 0.048700
16000 0.041511
16500 0.045034
17000 0.038005
17500 0.036605
18000 0.034428
18500 0.038229
19000 0.037241
19500 0.041926
20000 0.045415
20500 0.039189
21000 0.042619
21500 0.033179
22000 0.040594
22500 0.044940
23000 0.043920
23500 0.043215
24000 0.043025
