1000 0.001693
1500 0.002051
2000 0.002379
2500 0.002667
3000 0.002921
3500 0.003143
4000 0.003290
4500 0.003247
5000 0.003168
5500 0.003105
6000 0.003102
6500 0.003155
7000 0.003283
7500 0.003427
8000 0.003542
8500 0.003611
9000 0.003636
9500 0.003622
10000 0.003580
10500 0.003523
11000 0.003460
11500 0.003394
12000 0.003333
12500 0.003270
13000 0.003221
13500 0.003186
14000 0.003167
14500 0.003151
15000 0.003138
15500 0.003118
16000 0.003087
16500 0.003054
17000 0.003036
17500 0.002980
18000 0.002909
18500 0.002834
19000 0.002760
19500 0.002691
20000 0.002629
20500 0.002573
21000 0.002525
21500 0.002483
22000 0.002447
22500 0.002417
23000 0.002392
23500 0.002371
24000 0.002354
24500 0.002340
25000 0.002330
25500 0.002321
26000 0.002316
26500 0.002312
27000 0.002309
27500 0.002309
28000 0.002309
28500 0.002311
29000 0.002313
29500 0.002317
30000 0.002321
30500 0.002325
31000 0.002330
31500 0.002335
32000 0.002340
32500 0.002345
33000 0.002350
33500 0.002354
34000 0.002358
34500 0.002362
35000 0.002365
35500 0.002367
36000 0.002369
36500 0.002370
37000 0.002370
37500 0.002370
38000 0.002370
38500 0.002369
39000 0.002367
39500 0.002366
40000 0.002364
40500 0.002361
41000 0.002359
41500 0.002356
42000 0.002353
42500 0.002350
43000 0.002348
43500 0.002345
44000 0.002342
44500 0.002340
45000 0.002338
45500 0.002336
46000 0.002334
46500 0.002332
47000 0.002331
47500 0.002329
48000 0.002329
48500 0.002328
49000 0.002327
49500 0.002327
50000 0.002327
50500 0.002328
51000 0.002328
51500 0.002329
52000 0.002330
52500 0.002331
53000 0.002333
53500 0.002334
54000 0.002336
54500 0.002338
55000 0.002340
55500 0.002341
56000 0.002343
56500 0.002345
57000 0.002346
57500 0.002348
58000 0.002349
58500 0.002350
59000 0.002351
59500 0.002352
60000 0.002353
60500 0.002353
61000 0.002353
61500 0.002353
62000 0.002353
62500 0.002353
63000 0.002352
63500 0.002352
64000 0.002351
64500 0.002350
65000 0.002349
65500 0.002348
66000 0.002347
66500 0.002346
67000 0.002345
67500 0.002344
68000 0.002343
68500 0.002342
69000 0.002341
69500 0.002341
70000 0.002340
70500 0.002339
71000 0.002339
71500 0.002338
72000 0.002338
72500 0.002338
73000 0.002338
73500 0.002338
74000 0.002338
74500 0.002338
75000 0.002338
75500 0.002338
76000 0.002339
76500 0.002339
77000 0.002340
77500 0.002341
78000 0.002341
78500 0.002342
79000 0.002342
79500 0.002343
80000 0.002344
80500 0.002344
81000 0.002345
81500 0.002345
82000 0.002346
82500 0.002346
83000 0.002346
83500 0.002347
84000 0.002347
84500 0.002347
85000 0.002347
85500 0.002347
86000 0.002347
86500 0.002347
87000 0.002347
87500 0.002346
88000 0.002346
88500 0.002346
89000 0.002346
89500 0.002345
90000 0.002345
90500 0.002344
91000 0.002344
91500 0.002344
92000 0.002343
92500 0.002343
93000 0.002343
93500 0.002342
94000 0.002342
94500 0.002342
95000 0.002342
95500 0.002342
96000 0.002341
96500 0.002341
97000 0.002341
97500 0.002341
98000 0.002341
98500 0.002342
99000 0.002342
99500 0.002342
100000 0.002342
100500 0.002342
101000 0.002342
101500 0.002343
102000 0.002343
102500 0.002343
103000 0.002343
103500 0.002343
104000 0.002344
104500 0.002344
105000 0.002344
105500 0.002344
106000 0.002344
106500 0.002345
107000 0.002345
107500 0.002345
108000 0.002345
108500 0.002345
109000 0.002345
109500 0.002345
110000 0.002345
110500 0.002345
111000 0.002345
111500 0.002345
112000 0.002344
112500 0.002344
113000 0.002344
113500 0.002344
114000 0.002344
114500 0.002344
115000 0.002344
115500 0.002343
116000 0.002343
116500 0.002343
117000 0.002343
117500 0.002343
118000 0.002343
118500 0.002343
119000 0.002343
119500 0.002343
120000 0.002343
120500 0.002343
121000 0.002343
121500 0.002343
122000 0.002343
122500 0.002343
123000 0.002343
123500 0.002343
124000 0.002343
124500 0.002343
125000 0.002343
125500 0.002343
126000 0.002343
126500 0.002343
127000 0.002343
127500 0.002343
128000 0.002344
128500 0.002344
129000 0.002344
129500 0.002344
130000 0.002344
130500 0.002344
131000 0.002344
131500 0.002344
132000 0.002344
132500 0.002344
133000 0.002344
133500 0.002344
134000 0.002344
134500 0.002344
135000 0.002344
135500 0.002344
136000 0.002344
136500 0.002344
137000 0.002344
137500 0.002344
138000 0.002344
138500 0.002343
139000 0.002343
139500 0.002343
140000 0.002343
140500 0.002343
141000 0.002343
141500 0.002343
142000 0.002343
142500 0.002343
143000 0.002343
143500 0.002343
144000 0.002343
144500 0.002343
145000 0.002343
145500 0.002343
146000 0.002343
146500 0.002343
147000 0.002343
147500 0.002343
148000 0.002343
148500 0.002343
149000 0.002343
149500 0.002343
150000 0.002343
150500 0.002343
151000 0.002343
151500 0.002343
152000 0.002343
152500 0.002343
153000 0.002343
153500 0.002343
154000 0.002343
154500 0.002343
155000 0.002343
155500 0.002343
156000 0.002343
156500 0.002343
157000 0.002343
157500 0.002343
158000 0.002343
158500 0.002343
159000 0.002343
159500 0.002343
160000 0.002343
160500 0.002343
161000 0.002343
161500 0.002343
162000 0.002343
162500 0.002343
163000 0.002343
163500 0.002343
164000 0.002343
164500 0.002343
165000 0.002343
165500 0.002343
166000 0.002343
166500 0.002343
167000 0.002343
167500 0.002343
168000 0.002343
168500 0.002343
169000 0.002343
169500 0.002343
170000 0.002343
170500 0.002343
171000 0.002343
171500 0.002343
172000 0.002343
172500 0.002343
173000 0.002343
173500 0.002343
174000 0.002343
174500 0.002343
175000 0.002343
