1000 0.000012
1500 0.000011
2000 0.000011
2500 0.000010
3000 0.000010
3500 0.000010
4000 0.000009
4500 0.000009
5000 0.000009
5500 0.000009
6000 0.000009
6500 0.000008
7000 0.000008
7500 0.000008
8000 0.000008
8500 0.000008
9000 0.000007
9500 0.000007
10000 0.000007
10500 0.000007
11000 0.000007
11500 0.000007
12000 0.000007
12500 0.000007
13000 0.000006
13500 0.000006
14000 0.000006
14500 0.000006
15000 0.000006
15500 0.000006
16000 0.000006
16500 0.000006
17000 0.000006
17500 0.000006
18000 0.000005
18500 0.000005
19000 0.000005
19500 0.000005
20000 0.000005
20500 0.000005
21000 0.000005
21500 0.000005
22000 0.000005
22500 0.000005
23000 0.000005
23500 0.000005
24000 0.000004
24500 0.000004
25000 0.000004
25500 0.000004
26000 0.000004
26500 0.000004
27000 0.000004
27500 0.000004
28000 0.000004
28500 0.000004
29000 0.000004
29500 0.000004
30000 0.000004
30500 0.000004
31000 0.000004
31500 0.000003
32000 0.000003
32500 0.000003
33000 0.000003
33500 0.000003
34000 0.000003
34500 0.000003
35000 0.000003
35500 0.000003
36000 0.000003
36500 0.000003
37000 0.000003
37500 0.000003
38000 0.000003
38500 0.000003
39000 0.000003
39500 0.000003
40000 0.000003
40500 0.000003
41000 0.000003
41500 0.000003
42000 0.000002
42500 0.000002
43000 0.000002
43500 0.000002
44000 0.000002
44500 0.000002
45000 0.000002
45500 0.000002
46000 0.000002
46500 0.000002
47000 0.000002
47500 0.000002
48000 0.000002
48500 0.000002
49000 0.000002
49500 0.000002
50000 0.000002
50500 0.000002
51000 0.000002
51500 0.000002
52000 0.000002
52500 0.000002
53000 0.000002
53500 0.000002
54000 0.000002
54500 0.000002
55000 0.000002
55500 0.000002
56000 0.000002
56500 0.000002
57000 0.000002
57500 0.000002
58000 0.000001
58500 0.000001
59000 0.000001
59500 0.000001
60000 0.000001
60500 0.000001
61000 0.000001
61500 0.000001
62000 0.000001
62500 0.000001
63000 0.000001
63500 0.000001
64000 0.000001
64500 0.000001
65000 0.000001
65500 0.000001
66000 0.000001
66500 0.000001
67000 0.000001
67500 0.000001
68000 0.000001
68500 0.000001
69000 0.000001
69500 0.000001
70000 0.000001
70500 0.000001
71000 0.000001
71500 0.000001
72000 0.000001
72500 0.000001
73000 0.000001
73500 0.000001
74000 0.000001
74500 0.000001
75000 0.000001
75500 0.000001
76000 0.000001
76500 0.000001
77000 0.000001
77500 0.000001
78000 0.000001
78500 0.000001
79000 0.000001
79500 0.000001
80000 0.000001
80500 0.000001
81000 0.000001
81500 0.000001
82000 0.000001
82500 0.000001
83000 0.000001
83500 0.000001
84000 0.000001
84500 0.000001
85000 0.000001
85500 0.000001
86000 0.000001
86500 0.000001
87000 0.000001
87500 0.000001
88000 0.000001
88500 0.000001
89000 0.000001
89500 0.000001
90000 0.000001
90500 0.000001
91000 0.000001
91500 0.000001
92000 0.000000
92500 0.000000
93000 0.000000
93500 0.000000
94000 0.000000
94500 0.000000
95000 0.000000
95500 0.000000
96000 0.000000
96500 0.000000
97000 0.000000
97500 0.000000
98000 0.000000
98500 0.000000
99000 0.000000
99500 0.000000
100000 0.000000
100500 0.000000
101000 0.000000
101500 0.000000
102000 0.000000
102500 0.000000
103000 0.000000
103500 0.000000
104000 0.000000
104500 0.000000
105000 0.000000
105500 0.000000
106000 0.000000
106500 0.000000
107000 0.000000
107500 0.000000
108000 0.000000
108500 0.000000
109000 0.000000
109500 0.000000
110000 0.000000
110500 0.000000
111000 0.000000
111500 0.000000
112000 0.000000
112500 0.000000
113000 0.000000
113500 0.000000
114000 0.000000
114500 0.000000
115000 0.000000
115500 0.000000
116000 0.000000
116500 0.000000
117000 0.000000
117500 0.000000
118000 0.000000
118500 0.000000
119000 0.000000
119500 0.000000
120000 0.000000
120500 0.000000
121000 0.000000
121500 0.000000
122000 0.000000
122500 0.000000
123000 0.000000
123500 0.000000
124000 0.000000
124500 0.000000
125000 0.000000
125500 0.000000
126000 0.000000
126500 0.000000
127000 0.000000
127500 0.000000
128000 0.000000
128500 0.000000
129000 0.000000
129500 0.000000
130000 0.000000
130500 0.000000
131000 0.000000
131500 0.000000
132000 0.000000
132500 0.000000
133000 0.000000
133500 0.000000
134000 0.000000
134500 0.000000
135000 0.000000
135500 0.000000
136000 0.000000
136500 0.000000
137000 0.000000
137500 0.000000
138000 0.000000
138500 0.000000
139000 0.000000
139500 0.000000
140000 0.000000
140500 0.000000
141000 0.000000
141500 0.000000
142000 0.000000
142500 0.000000
143000 0.000000
143500 0.000000
144000 0.000000
144500 0.000000
145000 0.000000
145500 0.000000
146000 0.000000
146500 0.000000
147000 0.000000
147500 0.000000
148000 0.000000
148500 0.000000
149000 0.000000
149500 0.000000
150000 0.000000
150500 0.000000
151000 0.000000
151500 0.000000
152000 0.000000
152500 0.000000
153000 0.000000
153500 0.000000
154000 0.000000
154500 0.000000
155000 0.000000
155500 0.000000
156000 0.000000
156500 0.000000
157000 0.000000
157500 0.000000
158000 0.000000
158500 0.000000
159000 0.000000
159500 0.000000
160000 0.000000
160500 0.000000
161000 0.000000
161500 0.000000
162000 0.000000
162500 0.000000
163000 0.000000
163500 0.000000
164000 0.000000
164500 0.000000
165000 0.000000
165500 0.000000
166000 0.000000
166500 0.000000
167000 0.000000
167500 0.000000
168000 0.000000
168500 0.000000
169000 0.000000
169500 0.000000
170000 0.000000
170500 0.000000
171000 0.000000
171500 0.000000
172000 0.000000
172500 0.000000
173000 0.000000
173500 0.000000
174000 0.000000
174500 0.000000
175000 0.000000
175500 0.000000
176000 0.000000
