1000 0.033866
1500 0.043860
2000 0.045667
2500 0.047366
3000 0.047686
3500 0.037039
4000 0.037366
4500 0.059632
5000 0.053119
5500 0.055145
6000 0.050880
6500 0.044898
7000 0.046117
7500 0.047747
8000 0.051297
8500 0.045969
9000 0.053411
9500 0.049283
10000 0.059333
10500 0.058294
11000 0.055623
11500 0.055769
12000 0.048217
12500 0.050589
13000 0.052153
13500 0.051595
14000 0.057979
14500 0.056112
15000 0.051379
15500 0.059056
16000 0.059563
16500 0.054489
17000 0.053054
17500 0.052649
18000 0.048297
18500 0.050543
19000 0.055883
19500 0.053704
20000 0.046315
20500 0.057470
21000 0.055573
21500 0.054736
22000 0.058381
22500 0.052121
23000 0.055321
23500 0.060941
24000 0.051636
