1000 0.032373
1500 0.040811
2000 0.044255
2500 0.048157
3000 0.051685
3500 0.060773
4000 0.056612
4500 0.057046
5000 0.061755
5500 0.061195
6000 0.058775
6500 0.062718
7000 0.058375
7500 0.053870
8000 0.045283
8500 0.045386
9000 0.047343
9500 0.037861
10000 0.053473
10500 0.060283
11000 0.054118
11500 0.052872
12000 0.054273
12500 0.062511
13000 0.057211
13500 0.066054
14000 0.056075
14500 0.056360
15000 0.063275
15500 0.063394
16000 0.051506
16500 0.058822
17000 0.061113
17500 0.055649
18000 0.055311
18500 0.055363
19000 0.055643
19500 0.050668
20000 0.048422
20500 0.048986
21000 0.049002
21500 0.061004
22000 0.058669
22500 0.058298
23000 0.054150
23500 0.056278
24000 0.056764
24500 0.049593
25000 0.056570
25500 0.056007
26000 0.054865
26500 0.066652
27000 0.050451
27500 0.048142
28000 0.049621
28500 0.049596
29000 0.052953
29500 0.052269
30000 0.048281
30500 0.058372
31000 0.061366
31500 0.046614
32000 0.041675
32500 0.043800
33000 0.040848
33500 0.053419
34000 0.049558
34500 0.050551
35000 0.053831
35500 0.046835
36000 0.053566
36500 0.051643
37000 0.058981
37500 0.047780
38000 0.052811
38500 0.052434
39000 0.042189
39500 0.051800
40000 0.057271
40500 0.048742
41000 0.044730
41500 0.058150
42000 0.060254
42500 0.054870
43000 0.052729
43500 0.059274
44000 0.059279
44500 0.043245
45000 0.038089
45500 0.048522
46000 0.062947
46500 0.060015
47000 0.055309
47500 0.058244
48000 0.064992
48500 0.058781
49000 0.052153
49500 0.051894
50000 0.044599
50500 0.050379
51000 0.056131
51500 0.049720
52000 0.060661
52500 0.061589
53000 0.058790
53500 0.061716
54000 0.065440
54500 0.061383
55000 0.063782
55500 0.059724
56000 0.061287
56500 0.058361
57000 0.050779
57500 0.051184
58000 0.054201
58500 0.055791
59000 0.047070
59500 0.052950
60000 0.050934
60500 0.049495
61000 0.048625
61500 0.049415
62000 0.052103
62500 0.042161
63000 0.045585
63500 0.051692
64000 0.059723
64500 0.050069
65000 0.055469
65500 0.059692
66000 0.045478
66500 0.047857
67000 0.055326
67500 0.065257
68000 0.055401
68500 0.061317
69000 0.058191
69500 0.056846
70000 0.054215
70500 0.046983
71000 0.046534
71500 0.042399
72000 0.037553
72500 0.043981
73000 0.050076
73500 0.053983
74000 0.049538
74500 0.053983
75000 0.046114
75500 0.055072
76000 0.055735
76500 0.049547
77000 0.058768
77500 0.051833
78000 0.057684
78500 0.047980
79000 0.046126
79500 0.037054
80000 0.048930
80500 0.056489
81000 0.057299
81500 0.050926
82000 0.055039
82500 0.057948
83000 0.057150
83500 0.058961
84000 0.044641
84500 0.051527
85000 0.054997
85500 0.051556
86000 0.051176
86500 0.047597
87000 0.041690
87500 0.049338
88000 0.035970
88500 0.037174
89000 0.049175
89500 0.046551
90000 0.052815
90500 0.060615
91000 0.048888
91500 0.048742
92000 0.055209
92500 0.047189
93000 0.052777
93500 0.049546
94000 0.047533
94500 0.049375
95000 0.052439
95500 0.063430
96000 0.061192
96500 0.063109
97000 0.062078
97500 0.062161
98000 0.060739
98500 0.063843
99000 0.064628
99500 0.065966
100000 0.055254
100500 0.054715
101000 0.053586
101500 0.057999
102000 0.046129
102500 0.047078
103000 0.052307
103500 0.065482
104000 0.051432
104500 0.054005
105000 0.052424
105500 0.051172
106000 0.051099
106500 0.042837
107000 0.048789
107500 0.046902
108000 0.048924
108500 0.049883
109000 0.048365
109500 0.049395
110000 0.041504
110500 0.053905
111000 0.058916
111500 0.054089
112000 0.056203
112500 0.056281
113000 0.055253
113500 0.048693
114000 0.054601
114500 0.048670
115000 0.063205
115500 0.047900
116000 0.050223
116500 0.053003
117000 0.040854
117500 0.055313
118000 0.047704
118500 0.047914
119000 0.061933
119500 0.050086
120000 0.058890
120500 0.055758
121000 0.049129
121500 0.050574
122000 0.046163
122500 0.049245
123000 0.049608
123500 0.055150
124000 0.055985
124500 0.055111
125000 0.056241
