1000 0.025087
1500 0.034433
2000 0.041303
2500 0.047067
3000 0.041123
3500 0.048424
4000 0.054826
4500 0.055478
5000 0.055332
5500 0.052863
6000 0.043993
6500 0.041367
7000 0.041950
7500 0.041513
8000 0.046032
8500 0.051530
9000 0.050719
9500 0.043359
10000 0.054532
10500 0.042604
11000 0.051763
11500 0.053882
12000 0.053823
12500 0.048519
13000 0.042267
13500 0.051618
14000 0.051269
14500 0.042274
15000 0.044215
15500 0.051695
16000 0.055946
16500 0.050635
17000 0.055557
17500 0.054000
18000 0.050433
18500 0.060600
19000 0.055556
19500 0.049906
20000 0.056837
20500 0.044546
21000 0.037639
21500 0.043557
22000 0.048896
22500 0.048958
23000 0.055605
23500 0.049666
24000 0.047538
24500 0.037767
25000 0.036889
25500 0.041617
26000 0.051751
26500 0.054519
27000 0.050641
27500 0.045692
28000 0.049432
28500 0.055011
29000 0.051489
29500 0.054449
30000 0.059693
30500 0.054765
31000 0.054986
31500 0.052747
32000 0.043586
32500 0.042028
33000 0.049815
33500 0.057991
34000 0.052967
34500 0.051665
35000 0.050135
35500 0.055516
36000 0.043015
36500 0.051663
37000 0.045080
37500 0.045619
38000 0.044504
38500 0.048628
39000 0.041436
39500 0.047062
40000 0.036471
40500 0.044761
41000 0.049874
41500 0.039667
42000 0.035135
42500 0.042958
43000 0.044084
43500 0.048219
44000 0.038512
44500 0.039858
45000 0.051188
45500 0.044826
46000 0.049908
46500 0.049137
47000 0.048220
47500 0.051582
48000 0.048171
48500 0.047255
49000 0.043897
49500 0.041858
50000 0.038919
50500 0.049884
51000 0.045335
51500 0.046573
52000 0.044710
52500 0.044385
53000 0.035833
53500 0.045735
54000 0.053345
54500 0.059347
55000 0.049727
55500 0.052719
56000 0.048866
56500 0.042268
57000 0.047855
57500 0.049236
58000 0.049830
58500 0.053232
59000 0.050226
59500 0.049329
60000 0.047073
60500 0.050506
61000 0.053968
61500 0.053997
62000 0.059244
62500 0.053961
63000 0.055473
63500 0.054703
64000 0.050239
64500 0.044207
65000 0.043235
65500 0.038894
66000 0.044247
66500 0.045646
67000 0.043996
67500 0.044681
68000 0.053587
68500 0.042093
69000 0.048120
69500 0.044445
70000 0.040505
70500 0.044534
71000 0.043252
71500 0.040935
72000 0.045966
72500 0.053162
73000 0.054830
73500 0.043515
74000 0.039224
74500 0.043955
75000 0.046802
75500 0.045452
76000 0.051225
76500 0.052098
77000 0.049846
77500 0.048162
78000 0.049611
78500 0.037773
79000 0.049748
79500 0.049022
80000 0.049852
80500 0.050672
81000 0.057734
81500 0.050004
82000 0.047634
82500 0.046970
83000 0.049898
83500 0.047809
84000 0.046575
84500 0.039814
85000 0.041958
85500 0.042215
86000 0.049069
86500 0.049980
87000 0.054346
87500 0.051310
88000 0.051763
88500 0.053994
89000 0.057140
89500 0.057138
90000 0.058492
90500 0.050298
91000 0.057156
91500 0.046277
92000 0.044967
92500 0.047050
93000 0.044725
93500 0.042569
94000 0.045176
94500 0.049774
95000 0.045816
95500 0.049268
96000 0.052265
96500 0.050582
97000 0.056898
97500 0.057156
98000 0.051312
98500 0.050487
99000 0.048418
99500 0.058187
100000 0.048809
100500 0.057520
101000 0.054370
101500 0.051068
102000 0.034142
102500 0.045991
103000 0.049486
103500 0.049467
104000 0.046701
104500 0.049540
105000 0.042509
105500 0.048463
106000 0.056967
106500 0.048616
107000 0.055178
107500 0.052267
108000 0.046423
108500 0.044573
109000 0.050743
109500 0.049487
110000 0.045696
110500 0.045463
111000 0.039609
111500 0.052074
112000 0.059636
112500 0.055569
113000 0.048880
113500 0.050415
114000 0.049762
114500 0.045009
115000 0.044879
115500 0.056147
116000 0.046656
116500 0.044815
117000 0.041034
117500 0.046135
118000 0.038959
118500 0.045569
119000 0.046145
119500 0.046776
120000 0.053638
120500 0.052215
121000 0.054879
121500 0.051388
122000 0.048169
122500 0.045347
123000 0.052973
123500 0.050569
124000 0.046961
124500 0.057965
125000 0.053376
