1000 0.003813
1500 0.008476
2000 0.014598
2500 0.024489
3000 0.028640
3500 0.024859
4000 0.023970
4500 0.028848
5000 0.029084
5500 0.030572
6000 0.029913
6500 0.024631
7000 0.033187
7500 0.034465
8000 0.030235
8500 0.030154
9000 0.028406
9500 0.029140
10000 0.030385
10500 0.028491
11000 0.029815
11500 0.033843
12000 0.027244
12500 0.027317
13000 0.027315
13500 0.031126
14000 0.034297
14500 0.029684
15000 0.029321
15500 0.028292
16000 0.026619
16500 0.031288
17000 0.031270
17500 0.029375
18000 0.029132
18500 0.028066
19000 0.028555
19500 0.028869
20000 0.024849
20500 0.022293
21000 0.023696
21500 0.025049
22000 0.027701
22500 0.027806
23000 0.028884
23500 0.026963
24000 0.027617
24500 0.026067
25000 0.027582
25500 0.023415
26000 0.025760
26500 0.026763
27000 0.019038
27500 0.026773
28000 0.029426
28500 0.028356
29000 0.027361
29500 0.027092
30000 0.029702
30500 0.030368
31000 0.030888
31500 0.027380
32000 0.029014
32500 0.028563
33000 0.026411
33500 0.026305
34000 0.024563
34500 0.026668
35000 0.029433
35500 0.025988
36000 0.021738
36500 0.021962
37000 0.025712
37500 0.028236
38000 0.027975
38500 0.025860
39000 0.023807
39500 0.026004
40000 0.028738
40500 0.024779
41000 0.025796
41500 0.027935
42000 0.024946
42500 0.024617
43000 0.024022
43500 0.025109
44000 0.027063
44500 0.028059
45000 0.019334
45500 0.024406
46000 0.020075
46500 0.023983
47000 0.022382
47500 0.027742
48000 0.032389
48500 0.029170
49000 0.024729
49500 0.027967
50000 0.020316
50500 0.026002
51000 0.029155
51500 0.028428
52000 0.023374
52500 0.023259
53000 0.022375
53500 0.026325
54000 0.027197
54500 0.026729
55000 0.026135
55500 0.026346
56000 0.025656
56500 0.025477
57000 0.026439
57500 0.023914
58000 0.024732
58500 0.022847
59000 0.026427
59500 0.031299
60000 0.030301
60500 0.032926
61000 0.030210
61500 0.033832
62000 0.032234
62500 0.029326
63000 0.029790
63500 0.023447
64000 0.030542
64500 0.029998
65000 0.026624
65500 0.026704
66000 0.027106
66500 0.026660
67000 0.027777
67500 0.031524
68000 0.030059
68500 0.027081
69000 0.029086
69500 0.026548
70000 0.024879
70500 0.029173
71000 0.027732
71500 0.030911
72000 0.024848
72500 0.029242
73000 0.031258
73500 0.029807
74000 0.027534
74500 0.028373
75000 0.031064
75500 0.027820
76000 0.027069
76500 0.025525
77000 0.026887
77500 0.024238
78000 0.027915
78500 0.030864
79000 0.027196
79500 0.027170
80000 0.021160
80500 0.018107
81000 0.025300
81500 0.025682
82000 0.026953
82500 0.027646
83000 0.025514
83500 0.019859
84000 0.024448
84500 0.028717
85000 0.023353
85500 0.024442
86000 0.029443
86500 0.031861
87000 0.032805
87500 0.023366
88000 0.025497
88500 0.025747
89000 0.026263
89500 0.029821
90000 0.024922
90500 0.026243
91000 0.025405
91500 0.026948
92000 0.026085
92500 0.023127
93000 0.018923
93500 0.021074
94000 0.024825
94500 0.028666
95000 0.023410
95500 0.020384
96000 0.021938
96500 0.024417
97000 0.026105
97500 0.029038
98000 0.022353
98500 0.020691
99000 0.026556
99500 0.026217
100000 0.028580
100500 0.022608
101000 0.021838
101500 0.020862
102000 0.026600
102500 0.027905
103000 0.026357
103500 0.025880
104000 0.027574
104500 0.026014
105000 0.028790
105500 0.032288
106000 0.030654
106500 0.029531
107000 0.029791
107500 0.031638
108000 0.031495
108500 0.029570
109000 0.029964
109500 0.029542
110000 0.029749
110500 0.028820
111000 0.024879
111500 0.026364
112000 0.022278
112500 0.026379
113000 0.031853
113500 0.028042
114000 0.019907
114500 0.018863
115000 0.021933
115500 0.021732
116000 0.019233
116500 0.024587
117000 0.028569
117500 0.024679
118000 0.030408
118500 0.027718
119000 0.027846
119500 0.026264
120000 0.026340
120500 0.028482
121000 0.030009
121500 0.024748
122000 0.023674
122500 0.026497
123000 0.024766
123500 0.023384
124000 0.024841
124500 0.026561
125000 0.026145
