1000 0.008206
1500 0.017077
2000 0.033831
2500 0.034279
3000 0.038683
3500 0.034140
4000 0.025582
4500 0.026190
5000 0.033232
5500 0.027747
6000 0.034582
6500 0.034591
7000 0.034483
7500 0.032005
8000 0.029182
8500 0.032162
9000 0.027020
9500 0.033817
10000 0.032930
10500 0.036327
11000 0.036748
11500 0.038609
12000 0.034254
12500 0.034882
13000 0.036685
13500 0.031230
14000 0.029636
14500 0.032371
15000 0.045560
15500 0.033584
16000 0.034661
16500 0.025551
17000 0.034327
17500 0.034903
18000 0.033715
18500 0.030926
19000 0.038232
19500 0.038533
20000 0.040632
20500 0.035267
21000 0.029648
21500 0.027114
22000 0.028362
22500 0.029362
23000 0.035226
23500 0.032267
24000 0.033311
