1000 0.000721
1500 0.001191
2000 0.001993
2500 0.003303
3000 0.005245
3500 0.007723
4000 0.010170
4500 0.012511
5000 0.015686
5500 0.015640
6000 0.017074
6500 0.014630
7000 0.009989
7500 0.009249
8000 0.015570
8500 0.016948
9000 0.015410
9500 0.016646
10000 0.013884
10500 0.015353
11000 0.018244
11500 0.013433
12000 0.014092
12500 0.019156
13000 0.015082
13500 0.016673
14000 0.017997
14500 0.012241
15000 0.010126
15500 0.017676
16000 0.017793
16500 0.013610
17000 0.018218
17500 0.016700
18000 0.011855
18500 0.015305
19000 0.018760
19500 0.014286
20000 0.017464
20500 0.017451
21000 0.013422
21500 0.018023
22000 0.016914
22500 0.014071
23000 0.018871
23500 0.015553
24000 0.014437
24500 0.019006
25000 0.014803
25500 0.015606
26000 0.018669
26500 0.014021
27000 0.016744
27500 0.018025
28000 0.013716
28500 0.017923
29000 0.017048
29500 0.013715
30000 0.018689
30500 0.016045
31000 0.014244
31500 0.019008
32000 0.015052
32500 0.015142
33000 0.018849
33500 0.014279
34000 0.016341
34500 0.018282
35000 0.013774
35500 0.017529
36000 0.017422
36500 0.013669
37000 0.018466
37500 0.016400
38000 0.013999
38500 0.018951
39000 0.015394
39500 0.014783
40000 0.018956
