1000 0.001096
1500 0.002019
2000 0.003700
2500 0.006434
3000 0.010271
3500 0.013358
4000 0.016043
4500 0.016436
5000 0.016526
5500 0.019137
6000 0.018889
6500 0.016908
7000 0.020914
7500 0.018212
8000 0.021860
8500 0.016687
9000 0.022781
9500 0.017786
10000 0.015432
10500 0.023725
11000 0.016635
11500 0.020509
12000 0.020872
12500 0.011870
13000 0.008150
13500 0.018413
14000 0.022174
14500 0.018066
15000 0.022823
15500 0.017332
16000 0.022946
16500 0.017146
17000 0.010323
17500 0.015848
18000 0.023045
18500 0.020051
19000 0.020930
19500 0.014414
20000 0.020351
20500 0.020596
21000 0.019528
21500 0.021643
22000 0.017913
22500 0.022749
23000 0.017263
23500 0.022792
24000 0.018525
24500 0.019166
25000 0.022019
25500 0.014151
26000 0.020175
26500 0.021090
