1000 0.014085
1500 0.033260
2000 0.042344
2500 0.046159
3000 0.038650
3500 0.040154
4000 0.037793
4500 0.035957
5000 0.037969
5500 0.037327
6000 0.042615
6500 0.041370
7000 0.044406
7500 0.043511
8000 0.041910
8500 0.042829
9000 0.050586
9500 0.043022
10000 0.047750
10500 0.044829
11000 0.045810
11500 0.039665
12000 0.046729
12500 0.039488
13000 0.034348
13500 0.036154
14000 0.044076
14500 0.047892
15000 0.044314
15500 0.048285
16000 0.039042
16500 0.047417
17000 0.045556
17500 0.043904
18000 0.036517
18500 0.033825
19000 0.049038
19500 0.047299
20000 0.047199
20500 0.043951
21000 0.042944
21500 0.034750
22000 0.034481
22500 0.035305
23000 0.033069
23500 0.041101
24000 0.036798
