1000 0.003431
1500 0.007637
2000 0.013655
2500 0.021007
3000 0.025836
3500 0.027277
4000 0.022053
4500 0.021300
5000 0.024031
5500 0.023384
6000 0.024754
6500 0.026087
7000 0.019557
7500 0.022530
8000 0.019778
8500 0.026729
9000 0.022956
9500 0.020416
10000 0.025618
10500 0.028688
11000 0.030423
11500 0.024273
12000 0.028291
12500 0.026119
13000 0.028179
13500 0.027592
14000 0.027134
14500 0.029285
15000 0.028165
15500 0.027392
16000 0.027942
16500 0.026182
17000 0.021432
17500 0.023676
18000 0.024366
18500 0.021840
19000 0.026980
19500 0.022814
20000 0.021732
20500 0.020553
21000 0.020410
21500 0.030343
22000 0.034150
22500 0.031654
23000 0.029841
23500 0.028466
24000 0.026886
24500 0.019695
25000 0.022263
25500 0.022138
26000 0.027792
26500 0.028927
