1000 0.033285
1500 0.043056
2000 0.046017
2500 0.047214
3000 0.047164
3500 0.055087
4000 0.059475
4500 0.047748
5000 0.048250
5500 0.047160
6000 0.053922
6500 0.055190
7000 0.055163
7500 0.053694
8000 0.047832
8500 0.053171
9000 0.037927
9500 0.037366
10000 0.044760
10500 0.042319
11000 0.052925
11500 0.044409
12000 0.040772
12500 0.044301
13000 0.043998
13500 0.049802
14000 0.049808
14500 0.054710
15000 0.047349
15500 0.049230
16000 0.050809
16500 0.055438
17000 0.050921
17500 0.057491
18000 0.054676
18500 0.059361
19000 0.045667
19500 0.053725
20000 0.055540
20500 0.052599
21000 0.050505
21500 0.054413
22000 0.053302
22500 0.044494
23000 0.057011
23500 0.044436
24000 0.043618
