1000 0.014636
1500 0.034531
2000 0.042955
2500 0.042302
3000 0.040928
3500 0.042117
4000 0.041691
4500 0.039872
5000 0.046127
5500 0.044923
6000 0.048279
6500 0.045085
7000 0.046347
7500 0.036991
8000 0.049713
8500 0.038918
9000 0.043574
9500 0.039497
10000 0.039022
10500 0.044001
11000 0.039832
11500 0.045874
12000 0.034009
12500 0.035898
13000 0.039142
13500 0.041035
14000 0.046757
14500 0.041181
15000 0.031944
15500 0.036297
16000 0.040099
16500 0.042328
17000 0.046304
17500 0.045559
18000 0.049684
18500 0.044117
19000 0.045837
19500 0.034357
20000 0.034794
20500 0.045889
21000 0.043447
21500 0.043813
22000 0.040190
22500 0.043223
23000 0.047174
23500 0.047096
24000 0.044169
