1000 0.000560
1500 0.000867
2000 0.001365
2500 0.002151
3000 0.003341
3500 0.004975
4000 0.006911
4500 0.008727
5000 0.010496
5500 0.013126
6000 0.013471
6500 0.012684
7000 0.015260
7500 0.014053
8000 0.011557
8500 0.014254
9000 0.015646
9500 0.013189
10000 0.015265
10500 0.015191
11000 0.010829
11500 0.007893
12000 0.009615
12500 0.016245
13000 0.015110
13500 0.013234
14000 0.016338
14500 0.014111
15000 0.011169
15500 0.014298
16000 0.016295
16500 0.012047
17000 0.009537
17500 0.013469
18000 0.016651
18500 0.013009
19000 0.013217
19500 0.016636
20000 0.013361
20500 0.010609
21000 0.014303
21500 0.016344
22000 0.012112
22500 0.010131
23000 0.014842
23500 0.016181
24000 0.012208
24500 0.013106
25000 0.016716
25500 0.013384
26000 0.011699
26500 0.016146
27000 0.015046
27500 0.011766
28000 0.014910
28500 0.016084
29000 0.012170
29500 0.013046
30000 0.016716
30500 0.013434
31000 0.011982
31500 0.016360
32000 0.014735
32500 0.011583
33000 0.014982
33500 0.016048
34000 0.012167
34500 0.013323
35000 0.016681
35500 0.013216
36000 0.011996
36500 0.016427
37000 0.014634
37500 0.011625
38000 0.015206
38500 0.015905
39000 0.012040
39500 0.013470
40000 0.016658
40500 0.013101
