1000 0.002386
1500 0.005146
2000 0.010099
2500 0.015573
3000 0.017890
3500 0.017652
4000 0.021273
4500 0.024128
5000 0.022462
5500 0.019633
6000 0.020257
6500 0.023643
7000 0.024404
7500 0.021725
8000 0.028805
8500 0.028278
9000 0.024950
9500 0.029080
10000 0.024046
10500 0.022318
11000 0.025325
11500 0.021348
12000 0.016985
12500 0.020927
13000 0.024128
13500 0.020942
14000 0.022715
14500 0.023845
15000 0.025537
15500 0.023660
16000 0.024107
16500 0.023061
17000 0.025557
17500 0.024074
18000 0.025681
18500 0.027389
19000 0.024152
19500 0.025064
20000 0.023479
20500 0.023272
21000 0.022102
21500 0.025513
22000 0.025191
22500 0.024867
23000 0.021882
23500 0.024405
24000 0.024043
24500 0.024674
25000 0.021531
25500 0.023880
26000 0.024914
26500 0.021220
