1000 0.006360
1500 0.013138
2000 0.025343
2500 0.031239
3000 0.031805
3500 0.030140
4000 0.030813
4500 0.031572
5000 0.037156
5500 0.031533
6000 0.034112
6500 0.029886
7000 0.033673
7500 0.039467
8000 0.033549
8500 0.032024
9000 0.032411
9500 0.035817
10000 0.032490
10500 0.031223
11000 0.029448
11500 0.033835
12000 0.037324
12500 0.028573
13000 0.034806
13500 0.031967
14000 0.034769
14500 0.035106
15000 0.035592
15500 0.039500
16000 0.034581
16500 0.033513
17000 0.031439
17500 0.032207
18000 0.031159
18500 0.024390
19000 0.027174
19500 0.024007
20000 0.025389
20500 0.032510
21000 0.038330
21500 0.033445
22000 0.027952
22500 0.031070
23000 0.036166
23500 0.031493
24000 0.029828
