1000 0.010479
1500 0.023426
2000 0.036364
2500 0.037878
3000 0.041782
3500 0.043726
4000 0.037216
4500 0.034913
5000 0.038829
5500 0.035672
6000 0.040183
6500 0.035579
7000 0.037239
7500 0.041567
8000 0.039546
8500 0.033479
9000 0.034852
9500 0.035513
10000 0.033292
10500 0.032124
11000 0.035229
11500 0.035819
12000 0.029476
12500 0.030645
13000 0.028886
13500 0.035188
14000 0.035717
14500 0.036725
15000 0.031780
15500 0.031422
16000 0.033091
16500 0.035180
17000 0.032690
17500 0.030469
18000 0.031098
18500 0.037255
19000 0.036497
19500 0.039361
20000 0.041491
20500 0.044693
21000 0.043146
21500 0.039957
22000 0.036200
22500 0.035760
23000 0.037121
23500 0.039686
24000 0.036142
24500 0.044101
25000 0.040323
25500 0.034625
26000 0.034856
26500 0.036538
27000 0.033729
27500 0.039172
28000 0.041019
28500 0.034509
29000 0.034390
29500 0.040385
30000 0.037880
30500 0.041974
31000 0.041034
31500 0.043203
32000 0.036083
32500 0.039614
33000 0.038252
33500 0.040815
34000 0.037141
34500 0.040674
35000 0.036756
35500 0.041585
36000 0.044279
36500 0.040773
37000 0.041818
37500 0.042697
38000 0.040630
38500 0.039866
39000 0.036233
39500 0.038728
40000 0.042009
40500 0.038040
41000 0.037517
41500 0.042140
42000 0.038020
42500 0.042934
43000 0.046130
43500 0.040246
44000 0.033470
44500 0.044393
45000 0.033273
45500 0.041594
46000 0.038690
46500 0.040584
47000 0.041172
47500 0.038846
48000 0.037706
48500 0.039620
49000 0.042269
49500 0.040608
50000 0.042239
50500 0.031677
51000 0.038110
51500 0.031444
52000 0.029404
52500 0.030239
53000 0.033392
53500 0.041420
54000 0.037658
54500 0.029286
55000 0.030406
55500 0.029305
56000 0.029915
56500 0.033472
57000 0.033260
57500 0.038378
58000 0.035617
58500 0.044146
59000 0.040892
59500 0.034195
60000 0.038962
60500 0.040229
61000 0.038622
61500 0.042194
62000 0.042122
62500 0.036853
63000 0.036070
63500 0.038650
64000 0.040077
64500 0.037265
65000 0.031489
65500 0.034791
66000 0.032259
66500 0.031834
67000 0.034298
67500 0.043439
68000 0.037770
68500 0.037304
69000 0.030509
69500 0.046147
70000 0.042911
70500 0.041693
71000 0.044741
71500 0.037712
72000 0.043234
72500 0.038844
73000 0.035260
73500 0.036253
74000 0.037290
74500 0.036444
75000 0.037106
75500 0.038273
76000 0.039243
76500 0.040931
77000 0.039714
77500 0.037829
78000 0.036833
78500 0.044854
79000 0.037613
79500 0.034898
80000 0.039418
80500 0.037011
81000 0.041874
81500 0.041287
82000 0.041848
82500 0.040036
83000 0.033135
83500 0.034087
84000 0.033486
84500 0.042251
85000 0.036055
85500 0.046132
86000 0.037857
86500 0.032786
87000 0.037108
87500 0.038391
88000 0.031381
88500 0.031156
89000 0.028868
89500 0.034562
90000 0.041815
90500 0.038974
91000 0.041232
91500 0.037845
92000 0.037259
92500 0.032598
93000 0.032658
93500 0.033813
94000 0.040510
94500 0.036838
95000 0.029509
95500 0.037259
96000 0.037344
96500 0.043013
97000 0.032374
97500 0.037726
98000 0.044362
98500 0.038923
99000 0.043186
99500 0.044329
100000 0.038289
100500 0.039795
101000 0.037015
101500 0.039342
102000 0.039338
102500 0.035400
103000 0.039491
103500 0.031042
104000 0.039256
104500 0.041002
105000 0.040719
105500 0.034671
106000 0.036645
106500 0.029263
107000 0.035905
107500 0.035811
108000 0.039159
108500 0.041529
109000 0.027426
109500 0.029061
110000 0.037642
110500 0.028442
111000 0.038250
111500 0.033733
112000 0.041390
112500 0.038195
113000 0.041382
113500 0.044930
114000 0.037000
114500 0.036118
115000 0.041835
115500 0.039403
116000 0.037065
116500 0.037290
117000 0.033074
117500 0.035575
118000 0.034567
118500 0.044421
119000 0.036477
119500 0.045403
120000 0.044645
120500 0.042759
121000 0.044478
121500 0.041585
122000 0.040592
122500 0.033249
123000 0.038181
123500 0.035318
124000 0.034723
124500 0.033010
125000 0.036257
