1000 0.000392
1500 0.000439
2000 0.000475
2500 0.000510
3000 0.000527
3500 0.000542
4000 0.000565
4500 0.000581
5000 0.000619
5500 0.000611
6000 0.000612
6500 0.000606
7000 0.000600
7500 0.000600
8000 0.000587
8500 0.000580
9000 0.000573
9500 0.000563
10000 0.000561
10500 0.000557
11000 0.000555
11500 0.000551
12000 0.000547
12500 0.000547
13000 0.000544
13500 0.000544
14000 0.000545
14500 0.000544
15000 0.000546
15500 0.000548
16000 0.000547
16500 0.000550
17000 0.000553
17500 0.000552
18000 0.000556
18500 0.000560
19000 0.000562
19500 0.000566
20000 0.000570
20500 0.000571
21000 0.000574
21500 0.000579
22000 0.000580
22500 0.000582
23000 0.000587
23500 0.000589
24000 0.000590
24500 0.000593
25000 0.000595
25500 0.000597
26000 0.000596
26500 0.000599
27000 0.000599
27500 0.000599
28000 0.000603
28500 0.000599
29000 0.000602
29500 0.000601
30000 0.000599
30500 0.000599
31000 0.000598
31500 0.000597
32000 0.000597
32500 0.000595
33000 0.000594
33500 0.000593
34000 0.000589
34500 0.000590
35000 0.000585
35500 0.000588
36000 0.000583
36500 0.000584
37000 0.000579
37500 0.000579
38000 0.000574
38500 0.000575
39000 0.000571
39500 0.000571
40000 0.000567
40500 0.000566
41000 0.000563
41500 0.000562
42000 0.000560
42500 0.000558
43000 0.000557
43500 0.000555
44000 0.000553
44500 0.000551
45000 0.000548
45500 0.000548
46000 0.000544
46500 0.000544
47000 0.000540
47500 0.000539
48000 0.000537
48500 0.000536
49000 0.000536
49500 0.000531
50000 0.000532
50500 0.000527
51000 0.000528
51500 0.000525
52000 0.000523
52500 0.000522
53000 0.000519
53500 0.000521
54000 0.000516
54500 0.000516
55000 0.000512
55500 0.000512
56000 0.000511
56500 0.000508
57000 0.000508
57500 0.000504
58000 0.000505
58500 0.000501
59000 0.000501
59500 0.000499
60000 0.000497
60500 0.000497
61000 0.000492
61500 0.000494
62000 0.000490
62500 0.000490
63000 0.000486
63500 0.000485
64000 0.000482
64500 0.000482
65000 0.000480
65500 0.000478
66000 0.000474
66500 0.000472
67000 0.000467
67500 0.000466
68000 0.000460
68500 0.000456
69000 0.000453
69500 0.000450
70000 0.000448
70500 0.000446
71000 0.000445
71500 0.000444
72000 0.000442
72500 0.000441
73000 0.000441
73500 0.000440
74000 0.000439
74500 0.000439
75000 0.000438
75500 0.000438
76000 0.000437
76500 0.000437
77000 0.000437
77500 0.000436
78000 0.000436
78500 0.000436
79000 0.000436
79500 0.000436
80000 0.000435
80500 0.000435
81000 0.000435
81500 0.000435
82000 0.000435
82500 0.000435
83000 0.000435
83500 0.000435
84000 0.000435
84500 0.000435
85000 0.000435
85500 0.000435
86000 0.000435
86500 0.000435
87000 0.000435
87500 0.000435
88000 0.000435
88500 0.000435
89000 0.000435
89500 0.000435
90000 0.000435
90500 0.000435
91000 0.000435
91500 0.000435
92000 0.000435
92500 0.000435
93000 0.000435
93500 0.000435
94000 0.000435
94500 0.000435
95000 0.000435
95500 0.000435
96000 0.000435
96500 0.000435
97000 0.000435
97500 0.000435
98000 0.000435
98500 0.000434
99000 0.000434
99500 0.000434
100000 0.000434
100500 0.000434
101000 0.000434
101500 0.000434
102000 0.000434
102500 0.000434
103000 0.000434
103500 0.000434
104000 0.000434
104500 0.000434
105000 0.000434
105500 0.000434
106000 0.000434
106500 0.000434
107000 0.000434
107500 0.000434
108000 0.000434
108500 0.000434
109000 0.000434
109500 0.000434
110000 0.000434
110500 0.000434
111000 0.000434
111500 0.000434
112000 0.000434
112500 0.000434
113000 0.000434
113500 0.000434
114000 0.000434
114500 0.000434
115000 0.000434
115500 0.000434
116000 0.000434
116500 0.000434
117000 0.000434
117500 0.000434
118000 0.000434
118500 0.000434
119000 0.000434
119500 0.000434
120000 0.000434
120500 0.000434
121000 0.000434
121500 0.000434
122000 0.000434
122500 0.000434
123000 0.000434
123500 0.000434
124000 0.000434
124500 0.000434
125000 0.000434
125500 0.000434
126000 0.000434
126500 0.000434
127000 0.000434
127500 0.000434
128000 0.000434
128500 0.000434
129000 0.000434
129500 0.000434
130000 0.000434
130500 0.000434
131000 0.000434
131500 0.000434
132000 0.000434
132500 0.000434
133000 0.000434
133500 0.000434
134000 0.000434
134500 0.000434
135000 0.000434
135500 0.000434
136000 0.000434
136500 0.000434
137000 0.000434
137500 0.000434
138000 0.000434
138500 0.000434
139000 0.000434
139500 0.000434
140000 0.000434
140500 0.000434
141000 0.000434
141500 0.000434
142000 0.000434
142500 0.000434
143000 0.000434
143500 0.000434
144000 0.000434
144500 0.000434
145000 0.000434
145500 0.000434
146000 0.000434
146500 0.000434
147000 0.000434
147500 0.000434
148000 0.000434
148500 0.000434
149000 0.000434
149500 0.000434
150000 0.000434
150500 0.000434
151000 0.000434
151500 0.000434
152000 0.000434
152500 0.000434
153000 0.000434
153500 0.000434
154000 0.000434
154500 0.000434
155000 0.000434
155500 0.000434
156000 0.000434
156500 0.000434
157000 0.000434
157500 0.000434
158000 0.000434
158500 0.000434
159000 0.000434
159500 0.000434
160000 0.000434
160500 0.000434
161000 0.000434
161500 0.000434
162000 0.000434
162500 0.000434
163000 0.000434
163500 0.000434
164000 0.000434
164500 0.000434
165000 0.000434
165500 0.000434
166000 0.000434
166500 0.000434
167000 0.000434
167500 0.000434
168000 0.000434
168500 0.000434
169000 0.000434
169500 0.000434
170000 0.000434
170500 0.000434
171000 0.000434
171500 0.000434
172000 0.000434
172500 0.000434
173000 0.000434
173500 0.000434
174000 0.000434
174500 0.000434
175000 0.000434
175500 0.000434
176000 0.000434
176500 0.000434
177000 0.000434
177500 0.000434
178000 0.000434
178500 0.000434
179000 0.000434
179500 0.000434
180000 0.000434
180500 0.000434
181000 0.000434
181500 0.000434
182000 0.000434
182500 0.000434
183000 0.000434
183500 0.000434
184000 0.000434
184500 0.000434
185000 0.000434
185500 0.000434
186000 0.000434
186500 0.000434
187000 0.000434
187500 0.000434
188000 0.000434
188500 0.000434
189000 0.000434
189500 0.000434
190000 0.000434
190500 0.000434
191000 0.000434
191500 0.000434
192000 0.000434
192500 0.000434
193000 0.000434
193500 0.000434
194000 0.000434
194500 0.000434
195000 0.000434
195500 0.000434
196000 0.000434
196500 0.000434
197000 0.000434
197500 0.000434
198000 0.000434
198500 0.000434
199000 0.000434
199500 0.000434
200000 0.000434
200500 0.000434
201000 0.000434
201500 0.000434
202000 0.000434
202500 0.000434
203000 0.000434
203500 0.000434
204000 0.000434
204500 0.000434
205000 0.000434
205500 0.000434
206000 0.000434
206500 0.000434
207000 0.000434
207500 0.000434
208000 0.000434
208500 0.000434
209000 0.000434
209500 0.000434
210000 0.000434
210500 0.000434
211000 0.000434
211500 0.000434
212000 0.000434
212500 0.000434
213000 0.000434
213500 0.000434
214000 0.000434
214500 0.000434
215000 0.000434
215500 0.000434
216000 0.000434
216500 0.000434
217000 0.000434
217500 0.000434
218000 0.000434
218500 0.000434
219000 0.000434
219500 0.000434
220000 0.000434
220500 0.000434
221000 0.000434
221500 0.000434
222000 0.000434
222500 0.000434
223000 0.000434
223500 0.000434
224000 0.000434
224500 0.000434
225000 0.000434
225500 0.000434
226000 0.000434
226500 0.000434
227000 0.000434
227500 0.000434
228000 0.000434
228500 0.000434
229000 0.000434
229500 0.000434
230000 0.000434
230500 0.000434
231000 0.000434
231500 0.000434
232000 0.000434
232500 0.000434
233000 0.000434
233500 0.000434
234000 0.000434
234500 0.000434
235000 0.000434
235500 0.000434
236000 0.000434
236500 0.000434
237000 0.000434
237500 0.000434
238000 0.000434
238500 0.000434
239000 0.000434
239500 0.000434
240000 0.000434
240500 0.000434
241000 0.000434
241500 0.000434
242000 0.000434
242500 0.000434
243000 0.000434
243500 0.000434
244000 0.000434
244500 0.000434
245000 0.000434
245500 0.000434
246000 0.000434
246500 0.000434
247000 0.000434
247500 0.000434
248000 0.000434
248500 0.000434
249000 0.000434
249500 0.000434
250000 0.000434
250500 0.000434
251000 0.000434
251500 0.000434
252000 0.000434
252500 0.000434
253000 0.000434
253500 0.000434
254000 0.000434
254500 0.000434
255000 0.000434
255500 0.000434
256000 0.000434
256500 0.000434
257000 0.000434
257500 0.000434
258000 0.000434
258500 0.000434
259000 0.000434
259500 0.000434
260000 0.000434
260500 0.000434
261000 0.000434
261500 0.000434
262000 0.000434
262500 0.000434
263000 0.000434
263500 0.000434
264000 0.000434
264500 0.000434
265000 0.000434
265500 0.000434
266000 0.000434
266500 0.000434
267000 0.000434
267500 0.000434
268000 0.000434
268500 0.000434
269000 0.000434
269500 0.000434
270000 0.000434
270500 0.000434
271000 0.000434
271500 0.000434
272000 0.000434
272500 0.000434
273000 0.000434
273500 0.000434
274000 0.000434
274500 0.000434
275000 0.000434
