1000 0.000314
1500 0.000424
2000 0.000582
2500 0.000805
3000 0.001118
3500 0.001552
4000 0.002141
4500 0.002907
5000 0.003841
5500 0.004858
6000 0.005821
6500 0.006760
7000 0.007673
7500 0.008749
8000 0.009592
8500 0.009094
9000 0.008628
9500 0.009961
10000 0.011199
10500 0.010021
11000 0.008314
11500 0.008091
12000 0.010374
12500 0.011716
13000 0.010040
13500 0.008010
14000 0.007329
14500 0.009401
15000 0.011864
15500 0.010854
16000 0.008513
16500 0.006717
17000 0.006235
17500 0.008470
18000 0.011811
18500 0.011428
19000 0.009070
19500 0.007282
20000 0.007342
20500 0.010255
21000 0.012069
21500 0.010397
22000 0.008118
22500 0.006896
23000 0.008084
23500 0.011368
24000 0.011736
24500 0.009531
25000 0.007619
25500 0.007489
26000 0.010218
26500 0.012044
27000 0.010439
27500 0.008197
28000 0.007149
28500 0.008739
29000 0.011738
29500 0.011402
30000 0.009108
30500 0.007449
31000 0.007913
31500 0.010946
32000 0.011894
32500 0.009890
33000 0.007835
33500 0.007345
34000 0.009728
34500 0.012029
35000 0.010780
35500 0.008495
36000 0.007290
36500 0.008647
37000 0.011650
37500 0.011479
38000 0.009207
38500 0.007481
39000 0.007785
39500 0.010768
40000 0.011951
