1000 0.000020
1500 0.000020
2000 0.000019
2500 0.000019
3000 0.000019
3500 0.000019
4000 0.000019
4500 0.000018
5000 0.000018
5500 0.000018
6000 0.000018
6500 0.000018
7000 0.000018
7500 0.000018
8000 0.000018
8500 0.000018
9000 0.000018
9500 0.000018
10000 0.000018
10500 0.000018
11000 0.000018
11500 0.000018
12000 0.000018
12500 0.000018
13000 0.000018
13500 0.000018
14000 0.000018
14500 0.000018
15000 0.000019
15500 0.000019
16000 0.000019
16500 0.000019
17000 0.000019
17500 0.000019
18000 0.000019
18500 0.000019
19000 0.000019
19500 0.000019
20000 0.000019
20500 0.000019
21000 0.000019
21500 0.000020
22000 0.000020
22500 0.000020
23000 0.000020
23500 0.000020
24000 0.000020
24500 0.000020
25000 0.000020
25500 0.000020
26000 0.000020
26500 0.000020
27000 0.000021
27500 0.000021
28000 0.000021
28500 0.000021
29000 0.000021
29500 0.000021
30000 0.000021
30500 0.000021
31000 0.000021
31500 0.000021
32000 0.000022
32500 0.000022
33000 0.000022
33500 0.000022
34000 0.000022
34500 0.000022
35000 0.000022
35500 0.000022
36000 0.000022
36500 0.000023
37000 0.000023
37500 0.000023
38000 0.000023
38500 0.000023
39000 0.000023
39500 0.000023
40000 0.000023
40500 0.000023
41000 0.000024
41500 0.000024
42000 0.000024
42500 0.000024
43000 0.000024
43500 0.000024
44000 0.000024
44500 0.000024
45000 0.000025
45500 0.000025
46000 0.000025
46500 0.000025
47000 0.000025
47500 0.000025
48000 0.000025
48500 0.000025
49000 0.000026
49500 0.000026
50000 0.000026
50500 0.000026
51000 0.000026
51500 0.000026
52000 0.000026
52500 0.000026
53000 0.000027
53500 0.000027
54000 0.000027
54500 0.000027
55000 0.000027
55500 0.000027
56000 0.000027
56500 0.000028
57000 0.000028
57500 0.000028
58000 0.000028
58500 0.000028
59000 0.000028
59500 0.000028
60000 0.000028
60500 0.000029
61000 0.000029
61500 0.000029
62000 0.000029
62500 0.000029
63000 0.000029
63500 0.000030
64000 0.000030
64500 0.000030
65000 0.000030
65500 0.000030
66000 0.000030
66500 0.000030
67000 0.000031
67500 0.000031
68000 0.000031
68500 0.000031
69000 0.000031
69500 0.000031
70000 0.000032
70500 0.000032
71000 0.000032
71500 0.000032
72000 0.000032
72500 0.000032
73000 0.000032
73500 0.000033
74000 0.000033
74500 0.000033
75000 0.000033
75500 0.000033
76000 0.000033
76500 0.000034
77000 0.000034
77500 0.000034
78000 0.000034
78500 0.000034
79000 0.000034
79500 0.000035
80000 0.000035
80500 0.000035
81000 0.000035
81500 0.000035
82000 0.000036
82500 0.000036
83000 0.000036
83500 0.000036
84000 0.000036
84500 0.000036
85000 0.000037
85500 0.000037
86000 0.000037
86500 0.000037
87000 0.000037
87500 0.000038
88000 0.000038
88500 0.000038
89000 0.000038
89500 0.000038
90000 0.000039
90500 0.000039
91000 0.000039
91500 0.000039
92000 0.000039
92500 0.000040
93000 0.000040
93500 0.000040
94000 0.000040
94500 0.000040
95000 0.000041
95500 0.000041
96000 0.000041
96500 0.000041
97000 0.000041
97500 0.000042
98000 0.000042
98500 0.000042
99000 0.000042
99500 0.000042
100000 0.000043
100500 0.000043
101000 0.000043
101500 0.000043
102000 0.000044
102500 0.000044
103000 0.000044
103500 0.000044
104000 0.000044
104500 0.000045
105000 0.000045
105500 0.000045
106000 0.000045
106500 0.000046
107000 0.000046
107500 0.000046
108000 0.000046
108500 0.000047
109000 0.000047
109500 0.000047
110000 0.000047
110500 0.000048
111000 0.000048
111500 0.000048
112000 0.000048
112500 0.000049
113000 0.000049
113500 0.000049
114000 0.000049
114500 0.000050
115000 0.000050
115500 0.000050
116000 0.000050
116500 0.000051
117000 0.000051
117500 0.000051
118000 0.000051
118500 0.000052
119000 0.000052
119500 0.000052
120000 0.000053
120500 0.000053
121000 0.000053
121500 0.000053
122000 0.000054
122500 0.000054
123000 0.000054
123500 0.000054
124000 0.000055
124500 0.000055
125000 0.000055
125500 0.000056
126000 0.000056
126500 0.000056
127000 0.000056
127500 0.000057
128000 0.000057
128500 0.000057
129000 0.000058
129500 0.000058
130000 0.000058
130500 0.000059
131000 0.000059
131500 0.000059
132000 0.000060
132500 0.000060
133000 0.000060
133500 0.000060
134000 0.000061
134500 0.000061
135000 0.000061
135500 0.000062
136000 0.000062
136500 0.000062
137000 0.000063
137500 0.000063
138000 0.000063
138500 0.000064
139000 0.000064
139500 0.000064
140000 0.000065
140500 0.000065
141000 0.000065
141500 0.000066
142000 0.000066
142500 0.000066
143000 0.000067
143500 0.000067
144000 0.000068
144500 0.000068
145000 0.000068
145500 0.000069
146000 0.000069
146500 0.000069
147000 0.000070
147500 0.000070
148000 0.000070
148500 0.000071
149000 0.000071
149500 0.000072
150000 0.000072
150500 0.000072
151000 0.000073
151500 0.000073
152000 0.000074
152500 0.000074
153000 0.000074
153500 0.000075
154000 0.000075
154500 0.000075
155000 0.000076
155500 0.000076
156000 0.000077
156500 0.000077
157000 0.000078
157500 0.000078
158000 0.000078
158500 0.000079
159000 0.000079
159500 0.000080
160000 0.000080
160500 0.000080
161000 0.000081
161500 0.000081
162000 0.000082
162500 0.000082
163000 0.000083
163500 0.000083
164000 0.000084
164500 0.000084
165000 0.000084
165500 0.000085
166000 0.000085
166500 0.000086
167000 0.000086
167500 0.000087
168000 0.000087
168500 0.000088
169000 0.000088
169500 0.000089
170000 0.000089
170500 0.000090
171000 0.000090
171500 0.000091
172000 0.000091
172500 0.000092
173000 0.000092
173500 0.000093
174000 0.000093
174500 0.000094
175000 0.000094
175500 0.000095
176000 0.000095
176500 0.000096
177000 0.000096
177500 0.000097
178000 0.000097
178500 0.000098
179000 0.000098
179500 0.000099
180000 0.000099
180500 0.000100
181000 0.000100
181500 0.000101
182000 0.000101
182500 0.000102
183000 0.000102
183500 0.000103
184000 0.000104
184500 0.000104
185000 0.000105
185500 0.000105
186000 0.000106
186500 0.000106
187000 0.000107
187500 0.000108
188000 0.000108
188500 0.000109
189000 0.000109
189500 0.000110
190000 0.000111
190500 0.000111
191000 0.000112
191500 0.000112
192000 0.000113
192500 0.000114
193000 0.000114
193500 0.000115
194000 0.000115
194500 0.000116
195000 0.000117
195500 0.000117
196000 0.000118
196500 0.000119
197000 0.000119
197500 0.000120
198000 0.000121
198500 0.000121
199000 0.000122
199500 0.000122
200000 0.000123
200500 0.000124
201000 0.000124
201500 0.000125
202000 0.000126
202500 0.000127
203000 0.000127
203500 0.000128
204000 0.000129
204500 0.000129
205000 0.000130
205500 0.000131
206000 0.000131
206500 0.000132
207000 0.000133
207500 0.000134
208000 0.000134
208500 0.000135
209000 0.000136
209500 0.000136
210000 0.000137
210500 0.000138
211000 0.000139
211500 0.000139
212000 0.000140
212500 0.000141
213000 0.000142
213500 0.000142
214000 0.000143
214500 0.000144
215000 0.000145
215500 0.000146
216000 0.000146
216500 0.000147
217000 0.000148
217500 0.000149
218000 0.000149
218500 0.000150
219000 0.000151
219500 0.000152
220000 0.000153
220500 0.000154
221000 0.000154
221500 0.000155
222000 0.000156
222500 0.000157
223000 0.000158
223500 0.000159
224000 0.000159
224500 0.000160
225000 0.000161
225500 0.000162
226000 0.000163
226500 0.000164
227000 0.000165
227500 0.000165
228000 0.000166
228500 0.000167
229000 0.000168
229500 0.000169
230000 0.000170
230500 0.000171
231000 0.000172
231500 0.000173
232000 0.000173
232500 0.000174
233000 0.000175
233500 0.000176
234000 0.000177
234500 0.000178
235000 0.000179
235500 0.000180
236000 0.000181
236500 0.000182
237000 0.000183
237500 0.000184
238000 0.000185
238500 0.000186
239000 0.000187
239500 0.000188
240000 0.000188
240500 0.000189
241000 0.000190
241500 0.000191
242000 0.000192
242500 0.000193
243000 0.000194
243500 0.000195
244000 0.000196
244500 0.000197
245000 0.000198
245500 0.000199
246000 0.000200
246500 0.000201
247000 0.000202
247500 0.000203
248000 0.000204
248500 0.000206
249000 0.000207
249500 0.000208
250000 0.000209
250500 0.000210
251000 0.000211
251500 0.000212
252000 0.000213
252500 0.000214
253000 0.000215
253500 0.000216
254000 0.000217
254500 0.000218
255000 0.000219
255500 0.000220
256000 0.000221
256500 0.000222
257000 0.000223
257500 0.000224
258000 0.000226
258500 0.000227
259000 0.000228
259500 0.000229
260000 0.000230
260500 0.000231
261000 0.000232
261500 0.000233
262000 0.000234
262500 0.000235
263000 0.000236
263500 0.000237
264000 0.000239
264500 0.000240
265000 0.000241
265500 0.000242
266000 0.000243
266500 0.000244
267000 0.000245
267500 0.000246
268000 0.000247
268500 0.000248
269000 0.000250
269500 0.000251
270000 0.000252
270500 0.000253
271000 0.000254
271500 0.000255
272000 0.000256
272500 0.000257
273000 0.000258
273500 0.000259
274000 0.000261
274500 0.000262
275000 0.000263
