1000 0.040093
1500 0.049355
2000 0.045527
2500 0.062099
3000 0.056833
3500 0.054910
4000 0.065287
4500 0.058365
5000 0.045133
5500 0.051568
6000 0.057152
6500 0.049908
7000 0.048215
7500 0.044228
8000 0.053456
8500 0.057393
9000 0.051747
9500 0.058708
10000 0.061262
10500 0.068001
11000 0.062076
11500 0.064773
12000 0.056849
12500 0.043631
13000 0.045331
13500 0.049239
14000 0.054448
14500 0.055433
15000 0.053453
15500 0.064129
16000 0.059756
16500 0.054810
17000 0.058434
17500 0.058164
18000 0.058666
18500 0.054331
19000 0.060518
19500 0.059398
20000 0.046226
20500 0.048889
21000 0.050168
21500 0.057236
22000 0.053218
22500 0.064455
23000 0.063852
23500 0.056054
24000 0.050818
