1000 0.003251
1500 0.007223
2000 0.013192
2500 0.019414
3000 0.024201
3500 0.026428
4000 0.024389
4500 0.023254
5000 0.024611
5500 0.027870
6000 0.029011
6500 0.030708
7000 0.025629
7500 0.021697
8000 0.023928
8500 0.024918
9000 0.024770
9500 0.021447
10000 0.026482
10500 0.025565
11000 0.024648
11500 0.022319
12000 0.022253
12500 0.024776
13000 0.023702
13500 0.026907
14000 0.029952
14500 0.030476
15000 0.029272
15500 0.026671
16000 0.026743
16500 0.025394
17000 0.029930
17500 0.031183
18000 0.028601
18500 0.026843
19000 0.027483
19500 0.028782
20000 0.026688
20500 0.026208
21000 0.027455
21500 0.027069
22000 0.026240
22500 0.023336
23000 0.021220
23500 0.024660
24000 0.027644
24500 0.024963
25000 0.025632
25500 0.026046
26000 0.024546
26500 0.025992
