1000 0.000358
1500 0.000474
2000 0.000634
2500 0.000849
3000 0.001133
3500 0.001496
4000 0.001932
4500 0.002401
5000 0.002831
5500 0.003152
6000 0.003354
6500 0.003501
7000 0.003645
7500 0.003736
8000 0.003664
8500 0.003427
9000 0.003210
9500 0.003414
10000 0.004391
10500 0.005192
11000 0.004867
11500 0.004078
12000 0.003535
12500 0.003882
13000 0.005182
13500 0.005517
14000 0.004705
14500 0.003797
15000 0.003343
15500 0.003989
16000 0.005422
16500 0.005506
17000 0.004580
17500 0.003674
18000 0.003278
18500 0.004043
19000 0.005499
19500 0.005497
20000 0.004536
20500 0.003633
21000 0.003258
21500 0.004065
22000 0.005522
22500 0.005482
23000 0.004515
23500 0.003617
24000 0.003252
24500 0.004078
25000 0.005535
25500 0.005483
26000 0.004509
26500 0.003610
27000 0.003250
27500 0.004084
28000 0.005538
28500 0.005473
29000 0.004501
29500 0.003606
30000 0.003250
30500 0.004092
31000 0.005544
31500 0.005476
32000 0.004500
32500 0.003603
33000 0.003250
33500 0.004096
34000 0.005545
34500 0.005467
35000 0.004494
35500 0.003600
36000 0.003251
36500 0.004102
37000 0.005550
37500 0.005471
38000 0.004492
38500 0.003598
39000 0.003251
39500 0.004106
40000 0.005550
40500 0.005462
41000 0.004487
41500 0.003596
42000 0.003252
42500 0.004113
43000 0.005556
43500 0.005466
44000 0.004485
44500 0.003594
45000 0.003252
45500 0.004116
46000 0.005556
46500 0.005457
47000 0.004480
47500 0.003591
48000 0.003253
48500 0.004123
49000 0.005561
49500 0.005460
50000 0.004479
50500 0.003589
51000 0.003253
51500 0.004127
52000 0.005561
52500 0.005452
53000 0.004473
53500 0.003586
54000 0.003254
54500 0.004133
55000 0.005566
55500 0.005455
56000 0.004472
56500 0.003584
57000 0.003254
57500 0.004137
58000 0.005566
58500 0.005447
59000 0.004466
59500 0.003582
60000 0.003255
60500 0.004144
61000 0.005571
61500 0.005450
62000 0.004465
62500 0.003580
63000 0.003255
63500 0.004147
64000 0.005571
64500 0.005442
65000 0.004460
65500 0.003577
66000 0.003256
66500 0.004154
67000 0.005577
67500 0.005444
68000 0.004458
68500 0.003575
69000 0.003256
69500 0.004158
70000 0.005576
70500 0.005436
71000 0.004453
71500 0.003573
72000 0.003257
72500 0.004164
73000 0.005582
73500 0.005439
74000 0.004452
74500 0.003571
75000 0.003257
75500 0.004168
76000 0.005581
76500 0.005431
77000 0.004446
77500 0.003568
78000 0.003258
78500 0.004175
79000 0.005586
79500 0.005434
80000 0.004445
80500 0.003566
81000 0.003259
81500 0.004178
82000 0.005586
82500 0.005426
83000 0.004440
83500 0.003564
84000 0.003260
84500 0.004185
85000 0.005591
85500 0.005428
86000 0.004438
86500 0.003562
87000 0.003260
87500 0.004189
88000 0.005591
88500 0.005420
89000 0.004433
89500 0.003559
90000 0.003261
90500 0.004196
91000 0.005596
91500 0.005423
92000 0.004432
92500 0.003557
93000 0.003261
93500 0.004199
94000 0.005595
94500 0.005415
95000 0.004426
95500 0.003555
96000 0.003262
96500 0.004206
97000 0.005601
97500 0.005418
98000 0.004425
98500 0.003553
99000 0.003263
99500 0.004210
100000 0.005600
100500 0.005410
101000 0.004420
101500 0.003550
102000 0.003264
102500 0.004216
103000 0.005605
103500 0.005412
104000 0.004418
104500 0.003548
105000 0.003264
105500 0.004220
106000 0.005604
106500 0.005404
107000 0.004413
107500 0.003546
108000 0.003265
108500 0.004227
109000 0.005609
109500 0.005407
110000 0.004412
110500 0.003544
111000 0.003266
111500 0.004230
112000 0.005609
112500 0.005399
113000 0.004407
113500 0.003542
114000 0.003267
114500 0.004237
115000 0.005614
115500 0.005401
116000 0.004405
116500 0.003540
117000 0.003267
117500 0.004241
118000 0.005613
118500 0.005394
119000 0.004400
119500 0.003537
120000 0.003268
120500 0.004247
121000 0.005618
121500 0.005396
122000 0.004399
122500 0.003536
123000 0.003269
123500 0.004251
124000 0.005617
124500 0.005388
125000 0.004394
125500 0.003533
126000 0.003270
126500 0.004258
127000 0.005622
127500 0.005390
128000 0.004392
128500 0.003531
129000 0.003271
129500 0.004261
130000 0.005621
130500 0.005383
131000 0.004387
131500 0.003529
132000 0.003272
132500 0.004268
133000 0.005626
133500 0.005385
134000 0.004386
134500 0.003527
135000 0.003272
135500 0.004272
136000 0.005625
136500 0.005378
137000 0.004381
137500 0.003525
138000 0.003274
138500 0.004278
139000 0.005630
139500 0.005379
140000 0.004379
140500 0.003523
141000 0.003274
141500 0.004282
142000 0.005629
142500 0.005372
143000 0.004374
143500 0.003521
144000 0.003275
144500 0.004289
145000 0.005634
145500 0.005374
146000 0.004373
146500 0.003519
147000 0.003276
147500 0.004293
148000 0.005632
148500 0.005367
149000 0.004368
149500 0.003517
150000 0.003277
150500 0.004299
151000 0.005637
151500 0.005369
152000 0.004366
152500 0.003515
153000 0.003278
153500 0.004303
154000 0.005636
154500 0.005361
155000 0.004362
155500 0.003513
156000 0.003279
156500 0.004309
157000 0.005641
157500 0.005363
158000 0.004360
158500 0.003511
159000 0.003280
159500 0.004313
160000 0.005640
160500 0.005356
161000 0.004355
161500 0.003509
162000 0.003281
162500 0.004320
163000 0.005645
163500 0.005357
164000 0.004354
164500 0.003507
165000 0.003282
165500 0.004323
166000 0.005643
166500 0.005350
167000 0.004349
167500 0.003505
168000 0.003283
168500 0.004330
169000 0.005648
169500 0.005352
170000 0.004348
170500 0.003503
171000 0.003284
171500 0.004334
172000 0.005646
172500 0.005345
173000 0.004343
173500 0.003501
174000 0.003285
174500 0.004340
175000 0.005651
175500 0.005346
176000 0.004341
176500 0.003499
177000 0.003286
177500 0.004344
178000 0.005650
178500 0.005340
179000 0.004337
179500 0.003497
180000 0.003287
180500 0.004350
181000 0.005655
181500 0.005341
182000 0.004335
182500 0.003495
183000 0.003288
183500 0.004354
184000 0.005653
184500 0.005334
185000 0.004331
185500 0.003493
186000 0.003289
186500 0.004361
187000 0.005658
187500 0.005335
188000 0.004329
188500 0.003491
189000 0.003290
189500 0.004364
190000 0.005656
190500 0.005329
191000 0.004324
191500 0.003489
192000 0.003292
192500 0.004371
193000 0.005661
193500 0.005330
194000 0.004323
194500 0.003488
195000 0.003292
195500 0.004375
196000 0.005659
196500 0.005323
197000 0.004318
197500 0.003486
198000 0.003294
198500 0.004381
199000 0.005664
199500 0.005324
200000 0.004317
200500 0.003484
201000 0.003294
201500 0.004385
202000 0.005662
202500 0.005318
203000 0.004312
203500 0.003482
204000 0.003296
204500 0.004391
205000 0.005667
205500 0.005319
206000 0.004310
206500 0.003480
207000 0.003297
207500 0.004395
208000 0.005665
208500 0.005312
209000 0.004306
209500 0.003478
210000 0.003298
210500 0.004401
211000 0.005670
211500 0.005313
212000 0.004304
212500 0.003476
213000 0.003299
213500 0.004405
214000 0.005667
214500 0.005307
215000 0.004300
215500 0.003475
216000 0.003301
216500 0.004411
217000 0.005672
217500 0.005308
218000 0.004298
218500 0.003473
219000 0.003301
219500 0.004415
220000 0.005670
220500 0.005301
221000 0.004294
221500 0.003471
222000 0.003303
222500 0.004422
223000 0.005675
223500 0.005302
224000 0.004292
224500 0.003469
225000 0.003304
225500 0.004425
226000 0.005672
226500 0.005296
227000 0.004288
227500 0.003467
228000 0.003305
228500 0.004432
229000 0.005678
229500 0.005297
230000 0.004286
230500 0.003466
231000 0.003306
231500 0.004435
232000 0.005675
232500 0.005291
233000 0.004282
233500 0.003464
234000 0.003308
234500 0.004442
235000 0.005680
235500 0.005291
236000 0.004280
236500 0.003462
237000 0.003309
237500 0.004445
238000 0.005677
238500 0.005285
239000 0.004276
239500 0.003460
240000 0.003310
240500 0.004451
241000 0.005683
241500 0.005286
242000 0.004275
242500 0.003459
243000 0.003311
243500 0.004455
244000 0.005680
244500 0.005280
245000 0.004271
245500 0.003457
246000 0.003313
246500 0.004461
247000 0.005685
247500 0.005280
248000 0.004269
248500 0.003455
249000 0.003314
249500 0.004465
250000 0.005682
250500 0.005274
251000 0.004265
251500 0.003453
252000 0.003316
252500 0.004471
253000 0.005687
253500 0.005275
254000 0.004263
254500 0.003452
255000 0.003316
255500 0.004475
256000 0.005684
256500 0.005269
257000 0.004259
257500 0.003450
258000 0.003318
258500 0.004481
259000 0.005689
259500 0.005269
260000 0.004257
260500 0.003448
261000 0.003319
261500 0.004485
262000 0.005686
262500 0.005263
263000 0.004253
263500 0.003447
264000 0.003321
264500 0.004491
265000 0.005691
265500 0.005264
266000 0.004251
266500 0.003445
267000 0.003322
267500 0.004495
268000 0.005688
268500 0.005258
269000 0.004248
269500 0.003443
270000 0.003324
270500 0.004501
271000 0.005693
271500 0.005258
272000 0.004246
