1000 0.000432
1500 0.000600
2000 0.000841
2500 0.001177
3000 0.001631
3500 0.002197
4000 0.002812
4500 0.003346
5000 0.003698
5500 0.003902
6000 0.004071
6500 0.004187
7000 0.004092
7500 0.003793
8000 0.003659
8500 0.004435
9000 0.005748
9500 0.005616
10000 0.004641
10500 0.004074
11000 0.004964
11500 0.006255
12000 0.005657
12500 0.004481
13000 0.003844
13500 0.004750
14000 0.006326
14500 0.005828
15000 0.004589
15500 0.003778
16000 0.004325
16500 0.006160
17000 0.006111
17500 0.004866
18000 0.003871
18500 0.003952
19000 0.005742
19500 0.006341
20000 0.005211
20500 0.004073
21000 0.003740
21500 0.005168
22000 0.006449
22500 0.005588
23000 0.004350
23500 0.003690
24000 0.004576
24500 0.006332
25000 0.005943
25500 0.004676
26000 0.003775
26500 0.004103
27000 0.005983
27500 0.006252
28000 0.005041
28500 0.003960
29000 0.003806
29500 0.005436
30000 0.006421
30500 0.005417
31000 0.004217
31500 0.003690
32000 0.004826
32500 0.006415
33000 0.005797
33500 0.004530
34000 0.003723
34500 0.004285
35000 0.006161
35500 0.006126
36000 0.004879
36500 0.003870
37000 0.003910
37500 0.005689
38000 0.006374
38500 0.005257
39000 0.004100
39500 0.003719
40000 0.005085
40500 0.006442
41000 0.005633
41500 0.004390
42000 0.003693
42500 0.004501
43000 0.006301
43500 0.005998
44000 0.004727
44500 0.003796
45000 0.004048
45500 0.005913
46000 0.006278
46500 0.005091
47000 0.003993
47500 0.003779
48000 0.005351
48500 0.006442
49000 0.005476
49500 0.004260
50000 0.003686
50500 0.004739
51000 0.006389
51500 0.005843
52000 0.004577
52500 0.003738
53000 0.004221
53500 0.006108
54000 0.006175
54500 0.004934
55000 0.003899
55500 0.003871
56000 0.005604
56500 0.006388
57000 0.005308
57500 0.004138
58000 0.003706
58500 0.004998
59000 0.006442
59500 0.005693
60000 0.004437
60500 0.003701
61000 0.004424
61500 0.006257
62000 0.006038
62500 0.004776
63000 0.003819
63500 0.003998
64000 0.005842
64500 0.006319
65000 0.005149
65500 0.004028
66000 0.003755
66500 0.005260
67000 0.006440
67500 0.005527
68000 0.004302
68500 0.003686
69000 0.004658
69500 0.006367
70000 0.005900
70500 0.004628
71000 0.003756
71500 0.004158
72000 0.006045
72500 0.006208
73000 0.004985
73500 0.003929
74000 0.003837
74500 0.005522
75000 0.006416
75500 0.005367
76000 0.004179
76500 0.003696
77000 0.004908
77500 0.006425
78000 0.005741
78500 0.004483
79000 0.003711
79500 0.004353
80000 0.006213
80500 0.006091
81000 0.004831
81500 0.003844
82000 0.003951
82500 0.005763
83000 0.006340
83500 0.005201
84000 0.004063
84500 0.003735
85000 0.005173
85500 0.006451
86000 0.005586
86500 0.004348
87000 0.003688
87500 0.004575
88000 0.006333
88500 0.005944
89000 0.004676
89500 0.003775
90000 0.004101
90500 0.005982
91000 0.006253
91500 0.005042
92000 0.003961
92500 0.003805
93000 0.005433
93500 0.006422
94000 0.005419
94500 0.004219
95000 0.003690
95500 0.004823
96000 0.006414
96500 0.005799
97000 0.004532
97500 0.003724
98000 0.004283
98500 0.006159
99000 0.006128
99500 0.004881
100000 0.003871
100500 0.003909
101000 0.005686
101500 0.006375
102000 0.005259
102500 0.004102
103000 0.003718
103500 0.005081
104000 0.006442
104500 0.005636
105000 0.004392
105500 0.003694
106000 0.004498
106500 0.006299
107000 0.006000
107500 0.004729
108000 0.003797
108500 0.004045
109000 0.005910
109500 0.006281
110000 0.005094
110500 0.003994
111000 0.003778
111500 0.005347
112000 0.006442
112500 0.005479
113000 0.004262
113500 0.003686
114000 0.004735
114500 0.006388
115000 0.005846
115500 0.004579
116000 0.003739
116500 0.004218
117000 0.006105
117500 0.006177
118000 0.004937
118500 0.003900
119000 0.003869
119500 0.005600
120000 0.006389
120500 0.005311
121000 0.004140
121500 0.003706
122000 0.004993
122500 0.006442
123000 0.005695
123500 0.004439
124000 0.003701
124500 0.004420
125000 0.006255
125500 0.006041
126000 0.004779
126500 0.003820
127000 0.003995
127500 0.005838
128000 0.006321
128500 0.005152
129000 0.004030
129500 0.003754
130000 0.005255
130500 0.006441
131000 0.005530
131500 0.004305
132000 0.003686
132500 0.004653
133000 0.006366
133500 0.005903
134000 0.004631
134500 0.003757
135000 0.004155
135500 0.006041
136000 0.006211
136500 0.004989
137000 0.003931
137500 0.003835
138000 0.005517
138500 0.006417
139000 0.005371
139500 0.004181
140000 0.003696
140500 0.004902
141000 0.006424
141500 0.005745
142000 0.004486
142500 0.003712
143000 0.004349
143500 0.006210
144000 0.006094
144500 0.004834
145000 0.003846
145500 0.003948
146000 0.005758
146500 0.006343
147000 0.005205
147500 0.004066
148000 0.003734
148500 0.005167
149000 0.006451
149500 0.005590
150000 0.004351
150500 0.003688
151000 0.004569
151500 0.006331
152000 0.005948
152500 0.004680
153000 0.003776
153500 0.004097
154000 0.005977
154500 0.006256
155000 0.005046
155500 0.003963
156000 0.003803
156500 0.005427
157000 0.006424
157500 0.005423
158000 0.004222
158500 0.003690
159000 0.004816
159500 0.006413
160000 0.005803
160500 0.004536
161000 0.003725
161500 0.004278
162000 0.006155
162500 0.006132
163000 0.004885
163500 0.003873
164000 0.003905
164500 0.005679
165000 0.006377
165500 0.005264
166000 0.004105
166500 0.003717
167000 0.005074
167500 0.006441
168000 0.005641
168500 0.004396
169000 0.003694
169500 0.004492
170000 0.006296
170500 0.006004
171000 0.004734
171500 0.003798
172000 0.004041
172500 0.005904
173000 0.006284
173500 0.005099
174000 0.003997
174500 0.003776
175000 0.005339
175500 0.006443
176000 0.005483
176500 0.004266
177000 0.003686
177500 0.004728
178000 0.006387
178500 0.005851
179000 0.004584
179500 0.003741
180000 0.004212
180500 0.006100
181000 0.006181
181500 0.004942
182000 0.003903
182500 0.003866
183000 0.005593
183500 0.006392
184000 0.005317
184500 0.004144
185000 0.003705
185500 0.004985
186000 0.006441
186500 0.005700
187000 0.004444
187500 0.003702
188000 0.004414
188500 0.006251
189000 0.006046
189500 0.004784
190000 0.003822
190500 0.003991
191000 0.005831
191500 0.006324
192000 0.005157
192500 0.004033
193000 0.003751
193500 0.005246
194000 0.006442
194500 0.005536
195000 0.004309
195500 0.003686
196000 0.004645
196500 0.006363
197000 0.005909
197500 0.004636
198000 0.003759
198500 0.004148
199000 0.006035
199500 0.006215
200000 0.004994
200500 0.003934
201000 0.003831
201500 0.005508
202000 0.006419
202500 0.005377
203000 0.004185
203500 0.003695
204000 0.004893
204500 0.006423
205000 0.005751
205500 0.004491
206000 0.003713
206500 0.004341
207000 0.006205
207500 0.006099
208000 0.004840
208500 0.003849
209000 0.003943
209500 0.005750
210000 0.006347
210500 0.005211
211000 0.004070
211500 0.003732
212000 0.005157
212500 0.006451
213000 0.005596
213500 0.004356
214000 0.003689
214500 0.004560
215000 0.006327
215500 0.005955
216000 0.004686
216500 0.003779
217000 0.004090
217500 0.005969
218000 0.006260
218500 0.005052
219000 0.003967
219500 0.003799
220000 0.005416
220500 0.006426
221000 0.005431
221500 0.004227
222000 0.003689
222500 0.004806
223000 0.006410
223500 0.005810
224000 0.004542
224500 0.003727
225000 0.004269
225500 0.006149
226000 0.006138
226500 0.004892
227000 0.003877
227500 0.003900
228000 0.005669
228500 0.006380
229000 0.005271
229500 0.004109
230000 0.003715
230500 0.005063
231000 0.006441
231500 0.005649
232000 0.004402
232500 0.003695
233000 0.004481
233500 0.006291
234000 0.006010
234500 0.004740
235000 0.003801
235500 0.004034
236000 0.005894
236500 0.006290
237000 0.005106
237500 0.004002
238000 0.003772
238500 0.005327
239000 0.006444
239500 0.005491
240000 0.004272
240500 0.003686
241000 0.004716
241500 0.006383
242000 0.005859
242500 0.004591
243000 0.003743
243500 0.004203
244000 0.006091
244500 0.006187
245000 0.004949
245500 0.003907
246000 0.003860
246500 0.005581
247000 0.006396
247500 0.005325
248000 0.004149
248500 0.003703
249000 0.004972
249500 0.006440
250000 0.005708
250500 0.004451
251000 0.003703
251500 0.004402
252000 0.006244
252500 0.006054
253000 0.004793
253500 0.003826
254000 0.003983
254500 0.005819
255000 0.006329
255500 0.005166
256000 0.004039
256500 0.003748
257000 0.005233
257500 0.006443
258000 0.005545
258500 0.004316
259000 0.003686
259500 0.004632
260000 0.006358
260500 0.005917
261000 0.004644
261500 0.003761
262000 0.004139
262500 0.006025
263000 0.006223
263500 0.005004
264000 0.003939
264500 0.003826
265000 0.005494
265500 0.006421
266000 0.005386
266500 0.004192
267000 0.003693
267500 0.004879
268000 0.006421
268500 0.005761
269000 0.004499
269500 0.003715
270000 0.004329
270500 0.006196
271000 0.006106
271500 0.004849
272000 0.003853
272500 0.003935
273000 0.005736
273500 0.006352
274000 0.005221
274500 0.004077
