1000 0.000721
1500 0.001151
2000 0.001839
2500 0.002836
3000 0.003986
3500 0.004851
4000 0.005258
4500 0.005464
5000 0.005373
5500 0.005035
6000 0.006064
6500 0.007764
7000 0.006516
7500 0.005931
8000 0.008115
8500 0.007293
9000 0.005458
9500 0.006120
10000 0.008530
10500 0.006826
11000 0.005049
11500 0.006024
12000 0.008631
12500 0.006843
13000 0.004995
13500 0.005754
14000 0.008652
14500 0.007015
15000 0.005069
15500 0.005483
16000 0.008606
16500 0.007233
17000 0.005187
17500 0.005248
18000 0.008486
18500 0.007449
19000 0.005326
19500 0.005064
20000 0.008307
20500 0.007671
21000 0.005481
21500 0.004923
22000 0.008062
22500 0.007876
23000 0.005646
23500 0.004829
24000 0.007771
24500 0.008081
25000 0.005824
25500 0.004774
26000 0.007434
26500 0.008254
27000 0.006009
27500 0.004756
28000 0.007078
28500 0.008420
29000 0.006206
29500 0.004770
30000 0.006708
30500 0.008538
31000 0.006407
31500 0.004814
32000 0.006350
32500 0.008633
33000 0.006620
33500 0.004883
34000 0.006007
34500 0.008668
35000 0.006831
35500 0.004974
36000 0.005702
36500 0.008661
37000 0.007054
37500 0.005084
38000 0.005433
38500 0.008589
39000 0.007270
39500 0.005211
40000 0.005212
40500 0.008461
41000 0.007495
41500 0.005354
42000 0.005034
42500 0.008264
43000 0.007705
43500 0.005510
44000 0.004904
44500 0.008015
45000 0.007920
45500 0.005678
46000 0.004815
46500 0.007710
47000 0.008108
47500 0.005856
48000 0.004769
48500 0.007374
49000 0.008294
49500 0.006046
50000 0.004756
50500 0.007008
51000 0.008437
51500 0.006241
52000 0.004777
52500 0.006644
53000 0.008567
53500 0.006448
54000 0.004825
54500 0.006283
55000 0.008637
55500 0.006656
56000 0.004898
56500 0.005951
57000 0.008677
57500 0.006875
58000 0.004993
58500 0.005648
59000 0.008649
59500 0.007091
60000 0.005106
60500 0.005391
61000 0.008573
61500 0.007316
62000 0.005237
62500 0.005174
63000 0.008427
63500 0.007530
64000 0.005382
64500 0.005008
65000 0.008225
65500 0.007752
66000 0.005541
66500 0.004883
67000 0.007959
67500 0.007951
68000 0.005710
68500 0.004805
69000 0.007653
69500 0.008152
70000 0.005892
70500 0.004763
71000 0.007303
71500 0.008317
72000 0.006081
72500 0.004758
73000 0.006943
73500 0.008473
74000 0.006282
74500 0.004783
75000 0.006572
75500 0.008576
76000 0.006485
76500 0.004837
77000 0.006220
77500 0.008658
78000 0.006700
78500 0.004914
79000 0.005888
79500 0.008671
80000 0.006913
80500 0.005013
81000 0.005598
81500 0.008645
82000 0.007138
82500 0.005130
83000 0.005344
83500 0.008547
84000 0.007354
84500 0.005263
85000 0.005140
85500 0.008396
86000 0.007579
86500 0.005412
87000 0.004979
87500 0.008176
88000 0.007786
88500 0.005572
89000 0.004866
89500 0.007907
90000 0.007998
90500 0.005745
91000 0.004793
91500 0.007585
92000 0.008180
92500 0.005927
93000 0.004760
93500 0.007238
94000 0.008357
94500 0.006121
95000 0.004760
95500 0.006868
96000 0.008489
96500 0.006319
97000 0.004792
97500 0.006505
98000 0.008605
98500 0.006529
99000 0.004850
99500 0.006151
100000 0.008657
100500 0.006739
101000 0.004932
101500 0.005831
102000 0.008678
102500 0.006960
103000 0.005034
103500 0.005543
104000 0.008626
104500 0.007177
105000 0.005155
105500 0.005302
106000 0.008526
106500 0.007402
107000 0.005292
107500 0.005104
108000 0.008355
108500 0.007616
109000 0.005442
109500 0.004955
110000 0.008130
110500 0.007834
111000 0.005606
111500 0.004847
112000 0.007844
112500 0.008030
113000 0.005779
113500 0.004784
114000 0.007522
114500 0.008224
115000 0.005965
115500 0.004757
116000 0.007163
116500 0.008380
117000 0.006158
117500 0.004765
118000 0.006799
118500 0.008523
119000 0.006362
119500 0.004801
120000 0.006431
120500 0.008612
121000 0.006568
121500 0.004865
122000 0.006088
122500 0.008674
123000 0.006785
123500 0.004950
124000 0.005769
124500 0.008666
125000 0.007001
125500 0.005057
126000 0.005493
126500 0.008616
127000 0.007225
127500 0.005181
128000 0.005258
128500 0.008495
129000 0.007442
129500 0.005320
130000 0.005072
130500 0.008318
131000 0.007665
131500 0.005474
132000 0.004929
132500 0.008075
133000 0.007871
133500 0.005639
134000 0.004833
134500 0.007786
135000 0.008076
135500 0.005817
136000 0.004775
136500 0.007450
137000 0.008252
137500 0.006002
138000 0.004756
138500 0.007094
139000 0.008418
139500 0.006199
140000 0.004769
140500 0.006723
141000 0.008539
141500 0.006401
142000 0.004812
142500 0.006363
143000 0.008636
143500 0.006613
144000 0.004880
144500 0.006019
145000 0.008670
145500 0.006827
146000 0.004971
146500 0.005712
147000 0.008667
147500 0.007049
148000 0.005080
148500 0.005441
149000 0.008593
149500 0.007267
150000 0.005208
150500 0.005218
151000 0.008467
151500 0.007491
152000 0.005350
152500 0.005038
153000 0.008272
153500 0.007704
154000 0.005506
154500 0.004907
155000 0.008023
155500 0.007918
156000 0.005675
156500 0.004817
157000 0.007719
157500 0.008110
158000 0.005853
158500 0.004769
159000 0.007382
159500 0.008293
160000 0.006043
160500 0.004756
161000 0.007017
161500 0.008442
162000 0.006239
162500 0.004776
163000 0.006651
163500 0.008568
164000 0.006445
164500 0.004824
165000 0.006290
165500 0.008642
166000 0.006655
166500 0.004897
167000 0.005956
167500 0.008681
168000 0.006874
168500 0.004991
169000 0.005652
169500 0.008652
170000 0.007092
170500 0.005105
171000 0.005393
171500 0.008576
172000 0.007315
172500 0.005236
173000 0.005176
173500 0.008431
174000 0.007533
174500 0.005381
175000 0.005009
175500 0.008227
176000 0.007752
176500 0.005540
177000 0.004884
177500 0.007963
178000 0.007956
178500 0.005710
179000 0.004805
179500 0.007654
180000 0.008153
180500 0.005892
181000 0.004763
181500 0.007307
182000 0.008324
182500 0.006082
183000 0.004758
183500 0.006943
184000 0.008475
184500 0.006282
185000 0.004783
185500 0.006574
186000 0.008584
186500 0.006488
187000 0.004837
187500 0.006219
188000 0.008660
188500 0.006702
189000 0.004915
189500 0.005888
190000 0.008676
190500 0.006918
191000 0.005014
191500 0.005596
192000 0.008646
192500 0.007140
193000 0.005131
193500 0.005343
194000 0.008549
194500 0.007360
195000 0.005265
195500 0.005138
196000 0.008394
196500 0.007582
197000 0.005414
197500 0.004978
198000 0.008176
198500 0.007795
199000 0.005575
199500 0.004865
200000 0.007903
200500 0.008002
201000 0.005748
201500 0.004792
202000 0.007583
202500 0.008190
203000 0.005931
203500 0.004759
204000 0.007232
204500 0.008361
205000 0.006124
205500 0.004760
206000 0.006864
206500 0.008500
207000 0.006325
207500 0.004793
208000 0.006498
208500 0.008608
209000 0.006534
209500 0.004851
210000 0.006146
210500 0.008666
211000 0.006747
211500 0.004934
212000 0.005823
212500 0.008679
213000 0.006966
213500 0.005037
214000 0.005537
214500 0.008629
215000 0.007187
215500 0.005159
216000 0.005296
216500 0.008523
217000 0.007409
217500 0.005296
218000 0.005099
218500 0.008352
219000 0.007627
219500 0.005447
220000 0.004950
220500 0.008122
221000 0.007842
221500 0.005611
222000 0.004845
222500 0.007837
223000 0.008043
223500 0.005787
224000 0.004782
224500 0.007510
225000 0.008231
225500 0.005973
226000 0.004757
226500 0.007152
227000 0.008393
227500 0.006167
228000 0.004765
228500 0.006784
229000 0.008529
229500 0.006370
230000 0.004803
230500 0.006419
231000 0.008624
231500 0.006580
232000 0.004868
232500 0.006073
233000 0.008676
233500 0.006795
234000 0.004955
234500 0.005757
235000 0.008671
235500 0.007014
236000 0.005062
236500 0.005481
237000 0.008612
237500 0.007236
238000 0.005187
238500 0.005248
239000 0.008490
239500 0.007457
240000 0.005328
240500 0.005063
241000 0.008307
241500 0.007676
242000 0.005482
242500 0.004923
243000 0.008063
243500 0.007887
244000 0.005649
244500 0.004828
245000 0.007768
245500 0.008087
246000 0.005827
246500 0.004773
247000 0.007432
247500 0.008269
248000 0.006015
248500 0.004756
249000 0.007071
249500 0.008427
250000 0.006212
250500 0.004771
251000 0.006701
251500 0.008553
252000 0.006416
252500 0.004815
253000 0.006340
253500 0.008641
254000 0.006628
254500 0.004885
255000 0.005999
255500 0.008679
256000 0.006844
256500 0.004977
257000 0.005692
257500 0.008665
258000 0.007064
258500 0.005089
259000 0.005424
259500 0.008590
260000 0.007286
260500 0.005218
261000 0.005203
261500 0.008455
262000 0.007507
262500 0.005362
263000 0.005027
263500 0.008257
264000 0.007724
264500 0.005519
265000 0.004898
265500 0.008001
266000 0.007934
266500 0.005688
267000 0.004812
267500 0.007695
268000 0.008130
268500 0.005869
269000 0.004766
269500 0.007352
270000 0.008307
270500 0.006059
