1000 0.000504
1500 0.000728
2000 0.001062
2500 0.001540
3000 0.002181
3500 0.002930
4000 0.003617
4500 0.004066
5000 0.004307
5500 0.004491
6000 0.004561
6500 0.004338
7000 0.004039
7500 0.004556
8000 0.006158
8500 0.006193
9000 0.005053
9500 0.004611
10000 0.006124
10500 0.006750
11000 0.005458
11500 0.004355
12000 0.004852
12500 0.006849
13000 0.006401
13500 0.004926
14000 0.004108
14500 0.005308
15000 0.007050
15500 0.006073
16000 0.004629
16500 0.004084
17000 0.005760
17500 0.007045
18000 0.005791
18500 0.004425
19000 0.004170
19500 0.006176
20000 0.006946
20500 0.005532
21000 0.004268
21500 0.004338
22000 0.006531
22500 0.006780
23000 0.005287
23500 0.004149
24000 0.004583
24500 0.006807
25000 0.006577
25500 0.005055
26000 0.004068
26500 0.004898
27000 0.006986
27500 0.006344
28000 0.004838
28500 0.004033
29000 0.005270
29500 0.007073
30000 0.006099
30500 0.004638
31000 0.004051
31500 0.005672
32000 0.007065
32500 0.005847
33000 0.004458
33500 0.004132
34000 0.006075
34500 0.006981
35000 0.005598
35500 0.004303
36000 0.004281
36500 0.006440
37000 0.006831
37500 0.005354
38000 0.004177
38500 0.004506
39000 0.006738
39500 0.006638
40000 0.005120
40500 0.004087
41000 0.004801
41500 0.006945
42000 0.006412
42500 0.004898
43000 0.004038
43500 0.005158
44000 0.007058
44500 0.006171
45000 0.004693
45500 0.004040
46000 0.005555
46500 0.007075
47000 0.005920
47500 0.004508
48000 0.004102
48500 0.005961
49000 0.007013
49500 0.005670
50000 0.004345
50500 0.004231
51000 0.006341
51500 0.006880
52000 0.005423
52500 0.004210
53000 0.004433
53500 0.006661
54000 0.006698
54500 0.005186
55000 0.004109
55500 0.004709
56000 0.006895
56500 0.006480
57000 0.004961
57500 0.004047
58000 0.005050
58500 0.007035
59000 0.006242
59500 0.004751
60000 0.004034
60500 0.005438
61000 0.007079
61500 0.005993
62000 0.004559
62500 0.004077
63000 0.005845
63500 0.007040
64000 0.005742
64500 0.004390
65000 0.004186
65500 0.006236
66000 0.006924
66500 0.005494
67000 0.004246
67500 0.004367
68000 0.006576
68500 0.006755
69000 0.005254
69500 0.004134
70000 0.004622
70500 0.006837
71000 0.006546
71500 0.005025
72000 0.004060
72500 0.004945
73000 0.007005
73500 0.006313
74000 0.004810
74500 0.004032
75000 0.005322
75500 0.007075
76000 0.006065
76500 0.004613
77000 0.004058
77500 0.005727
78000 0.007060
78500 0.005815
79000 0.004437
79500 0.004147
80000 0.006126
80500 0.006964
81000 0.005565
81500 0.004285
82000 0.004307
82500 0.006484
83000 0.006810
83500 0.005323
84000 0.004163
84500 0.004540
85000 0.006770
85500 0.006610
86000 0.005090
86500 0.004078
87000 0.004845
87500 0.006966
88000 0.006383
88500 0.004871
89000 0.004035
89500 0.005208
90000 0.007064
90500 0.006138
91000 0.004668
91500 0.004044
92000 0.005608
92500 0.007074
93000 0.005888
93500 0.004486
94000 0.004114
94500 0.006012
95000 0.006999
95500 0.005638
96000 0.004326
96500 0.004252
97000 0.006386
97500 0.006860
98000 0.005393
98500 0.004196
99000 0.004464
99500 0.006695
100000 0.006672
100500 0.005157
101000 0.004099
101500 0.004749
102000 0.006919
102500 0.006452
103000 0.004934
103500 0.004043
104000 0.005096
104500 0.007045
105000 0.006211
105500 0.004726
106000 0.004036
106500 0.005488
107000 0.007081
107500 0.005962
108000 0.004537
108500 0.004087
109000 0.005895
109500 0.007028
110000 0.005711
110500 0.004370
111000 0.004204
111500 0.006282
112000 0.006907
112500 0.005464
113000 0.004231
113500 0.004394
114000 0.006613
114500 0.006731
115000 0.005225
115500 0.004123
116000 0.004658
116500 0.006863
117000 0.006519
117500 0.004998
118000 0.004054
118500 0.004989
119000 0.007018
119500 0.006283
120000 0.004785
120500 0.004032
121000 0.005370
121500 0.007080
122000 0.006036
122500 0.004590
123000 0.004065
123500 0.005776
124000 0.007052
124500 0.005784
125000 0.004417
125500 0.004162
126000 0.006172
126500 0.006949
127000 0.005536
127500 0.004269
128000 0.004331
128500 0.006523
129000 0.006787
129500 0.005294
130000 0.004151
130500 0.004573
131000 0.006799
131500 0.006585
132000 0.005063
132500 0.004070
133000 0.004885
133500 0.006982
134000 0.006354
134500 0.004846
135000 0.004033
135500 0.005254
136000 0.007072
136500 0.006109
137000 0.004646
137500 0.004049
138000 0.005656
138500 0.007068
139000 0.005858
139500 0.004465
140000 0.004127
140500 0.006059
141000 0.006987
141500 0.005609
142000 0.004309
142500 0.004273
143000 0.006426
143500 0.006840
144000 0.005364
144500 0.004182
145000 0.004494
145500 0.006727
146000 0.006648
146500 0.005130
147000 0.004090
147500 0.004786
148000 0.006938
148500 0.006424
149000 0.004908
149500 0.004039
150000 0.005140
150500 0.007055
151000 0.006183
151500 0.004703
152000 0.004038
152500 0.005535
153000 0.007078
153500 0.005933
154000 0.004516
154500 0.004097
155000 0.005942
155500 0.007018
156000 0.005682
156500 0.004353
157000 0.004222
157500 0.006323
158000 0.006889
158500 0.005436
159000 0.004216
159500 0.004421
160000 0.006646
160500 0.006709
161000 0.005198
161500 0.004113
162000 0.004693
162500 0.006886
163000 0.006493
163500 0.004972
164000 0.004049
164500 0.005030
165000 0.007031
165500 0.006255
166000 0.004762
166500 0.004033
167000 0.005416
167500 0.007081
168000 0.006007
168500 0.004569
169000 0.004073
169500 0.005822
170000 0.007044
170500 0.005756
171000 0.004399
171500 0.004178
172000 0.006215
172500 0.006933
173000 0.005508
173500 0.004254
174000 0.004354
174500 0.006558
175000 0.006767
175500 0.005267
176000 0.004140
176500 0.004605
177000 0.006824
177500 0.006559
178000 0.005038
178500 0.004064
179000 0.004924
179500 0.006998
180000 0.006327
180500 0.004822
181000 0.004032
181500 0.005298
182000 0.007075
182500 0.006081
183000 0.004624
183500 0.004055
184000 0.005702
184500 0.007064
185000 0.005830
185500 0.004447
186000 0.004139
186500 0.006102
187000 0.006973
187500 0.005581
188000 0.004294
188500 0.004294
189000 0.006464
189500 0.006821
190000 0.005338
190500 0.004170
191000 0.004523
191500 0.006755
192000 0.006624
192500 0.005104
193000 0.004082
193500 0.004823
194000 0.006956
194500 0.006398
195000 0.004885
195500 0.004036
196000 0.005183
196500 0.007062
197000 0.006155
197500 0.004681
198000 0.004042
198500 0.005581
199000 0.007076
199500 0.005905
200000 0.004497
200500 0.004107
201000 0.005986
201500 0.007007
202000 0.005654
202500 0.004336
203000 0.004241
203500 0.006362
204000 0.006872
204500 0.005409
205000 0.004203
205500 0.004447
206000 0.006677
206500 0.006686
207000 0.005173
207500 0.004104
208000 0.004727
208500 0.006906
209000 0.006468
209500 0.004948
210000 0.004045
210500 0.005071
211000 0.007040
211500 0.006228
212000 0.004740
212500 0.004034
213000 0.005460
213500 0.007081
214000 0.005980
214500 0.004549
215000 0.004081
215500 0.005867
216000 0.007035
216500 0.005729
217000 0.004381
217500 0.004194
218000 0.006256
218500 0.006918
219000 0.005481
219500 0.004240
220000 0.004378
220500 0.006592
221000 0.006745
221500 0.005242
222000 0.004130
222500 0.004636
223000 0.006848
223500 0.006535
224000 0.005014
224500 0.004058
225000 0.004963
225500 0.007010
226000 0.006301
226500 0.004800
227000 0.004032
227500 0.005341
228000 0.007079
228500 0.006054
229000 0.004604
229500 0.004061
230000 0.005746
230500 0.007057
231000 0.005803
231500 0.004429
232000 0.004153
232500 0.006144
233000 0.006959
233500 0.005554
234000 0.004279
234500 0.004315
235000 0.006499
235500 0.006801
236000 0.005312
236500 0.004159
237000 0.004552
237500 0.006781
238000 0.006601
238500 0.005080
239000 0.004075
239500 0.004859
240000 0.006972
240500 0.006372
241000 0.004862
241500 0.004034
242000 0.005224
242500 0.007068
243000 0.006128
243500 0.004660
244000 0.004046
244500 0.005624
245000 0.007072
245500 0.005878
246000 0.004479
246500 0.004118
247000 0.006028
247500 0.006996
248000 0.005628
248500 0.004321
249000 0.004259
249500 0.006400
250000 0.006854
250500 0.005383
251000 0.004191
251500 0.004474
252000 0.006706
252500 0.006664
253000 0.005148
253500 0.004096
254000 0.004761
254500 0.006925
255000 0.006443
255500 0.004925
256000 0.004041
256500 0.005111
257000 0.007049
257500 0.006202
258000 0.004718
258500 0.004036
259000 0.005503
259500 0.007080
260000 0.005953
260500 0.004530
261000 0.004090
261500 0.005910
262000 0.007026
262500 0.005702
263000 0.004365
263500 0.004210
264000 0.006294
264500 0.006902
265000 0.005455
265500 0.004226
266000 0.004402
266500 0.006623
267000 0.006725
267500 0.005217
268000 0.004120
268500 0.004668
269000 0.006870
269500 0.006511
270000 0.004990
