1000 0.000479
1500 0.000683
2000 0.000983
2500 0.001410
3000 0.001984
3500 0.002675
4000 0.003352
4500 0.003841
5000 0.004112
5500 0.004298
6000 0.004436
6500 0.004348
7000 0.004026
7500 0.003969
8000 0.005098
8500 0.006264
9000 0.005613
9500 0.004587
10000 0.004686
10500 0.006363
11000 0.006347
11500 0.005034
12000 0.004146
12500 0.004941
13000 0.006729
13500 0.006121
14000 0.004734
14500 0.003988
15000 0.005107
15500 0.006828
16000 0.006013
16500 0.004620
17000 0.003942
17500 0.005201
18000 0.006850
18500 0.005952
19000 0.004566
19500 0.003931
20000 0.005268
20500 0.006866
21000 0.005914
21500 0.004533
22000 0.003930
22500 0.005323
23000 0.006863
23500 0.005877
24000 0.004505
24500 0.003933
25000 0.005377
25500 0.006870
26000 0.005846
26500 0.004481
27000 0.003938
27500 0.005428
28000 0.006863
28500 0.005812
29000 0.004457
29500 0.003944
30000 0.005481
30500 0.006866
31000 0.005782
31500 0.004434
32000 0.003951
32500 0.005531
33000 0.006857
33500 0.005749
34000 0.004410
34500 0.003960
35000 0.005584
35500 0.006857
36000 0.005719
36500 0.004388
37000 0.003969
37500 0.005634
38000 0.006845
38500 0.005685
39000 0.004366
39500 0.003980
40000 0.005686
40500 0.006842
41000 0.005655
41500 0.004345
42000 0.003992
42500 0.005736
43000 0.006828
43500 0.005622
44000 0.004323
44500 0.004005
45000 0.005788
45500 0.006822
46000 0.005592
46500 0.004302
47000 0.004019
47500 0.005836
48000 0.006806
48500 0.005559
49000 0.004282
49500 0.004034
50000 0.005887
50500 0.006797
51000 0.005529
51500 0.004262
52000 0.004050
52500 0.005935
53000 0.006779
53500 0.005496
54000 0.004242
54500 0.004068
55000 0.005984
55500 0.006768
56000 0.005466
56500 0.004223
57000 0.004086
57500 0.006030
58000 0.006749
58500 0.005433
59000 0.004205
59500 0.004106
60000 0.006078
60500 0.006735
61000 0.005403
61500 0.004187
62000 0.004127
62500 0.006123
63000 0.006714
63500 0.005371
64000 0.004169
64500 0.004150
65000 0.006168
65500 0.006699
66000 0.005341
66500 0.004152
67000 0.004173
67500 0.006211
68000 0.006676
68500 0.005310
69000 0.004135
69500 0.004198
70000 0.006255
70500 0.006659
71000 0.005280
71500 0.004119
72000 0.004223
72500 0.006295
73000 0.006634
73500 0.005249
74000 0.004103
74500 0.004251
75000 0.006336
75500 0.006615
76000 0.005219
76500 0.004088
77000 0.004279
77500 0.006374
78000 0.006590
78500 0.005188
79000 0.004073
79500 0.004309
80000 0.006413
80500 0.006569
81000 0.005159
81500 0.004059
82000 0.004339
82500 0.006449
83000 0.006543
83500 0.005129
84000 0.004046
84500 0.004371
85000 0.006484
85500 0.006521
86000 0.005100
86500 0.004033
87000 0.004404
87500 0.006517
88000 0.006493
88500 0.005070
89000 0.004021
89500 0.004438
90000 0.006550
90500 0.006470
91000 0.005041
91500 0.004009
92000 0.004473
92500 0.006580
93000 0.006441
93500 0.005011
94000 0.003998
94500 0.004510
95000 0.006610
95500 0.006417
96000 0.004983
96500 0.003988
97000 0.004547
97500 0.006636
98000 0.006388
98500 0.004954
99000 0.003978
99500 0.004586
100000 0.006663
100500 0.006362
101000 0.004926
101500 0.003969
102000 0.004625
102500 0.006687
103000 0.006332
103500 0.004898
104000 0.003961
104500 0.004666
105000 0.006711
105500 0.006305
106000 0.004870
106500 0.003953
107000 0.004707
107500 0.006731
108000 0.006275
108500 0.004842
109000 0.003947
109500 0.004751
110000 0.006752
110500 0.006248
111000 0.004815
111500 0.003940
112000 0.004793
112500 0.006769
113000 0.006217
113500 0.004788
114000 0.003935
114500 0.004838
115000 0.006787
115500 0.006189
116000 0.004761
116500 0.003930
117000 0.004883
117500 0.006800
118000 0.006157
118500 0.004734
119000 0.003927
119500 0.004930
120000 0.006815
120500 0.006129
121000 0.004708
121500 0.003924
122000 0.004976
122500 0.006825
123000 0.006097
123500 0.004682
124000 0.003922
124500 0.005024
125000 0.006838
125500 0.006068
126000 0.004656
126500 0.003920
127000 0.005071
127500 0.006844
128000 0.006036
128500 0.004630
129000 0.003920
129500 0.005120
130000 0.006855
130500 0.006007
131000 0.004606
131500 0.003920
132000 0.005169
132500 0.006858
133000 0.005975
133500 0.004580
134000 0.003922
134500 0.005219
135000 0.006865
135500 0.005945
136000 0.004556
136500 0.003924
137000 0.005268
137500 0.006865
138000 0.005913
138500 0.004532
139000 0.003927
139500 0.005319
140000 0.006870
140500 0.005883
141000 0.004508
141500 0.003931
142000 0.005369
142500 0.006868
143000 0.005850
143500 0.004484
144000 0.003936
144500 0.005420
145000 0.006870
145500 0.005820
146000 0.004461
146500 0.003942
147000 0.005470
147500 0.006864
148000 0.005788
148500 0.004438
149000 0.003950
149500 0.005521
150000 0.006863
150500 0.005758
151000 0.004416
151500 0.003958
152000 0.005571
152500 0.006856
153000 0.005726
153500 0.004393
154000 0.003967
154500 0.005622
155000 0.006852
155500 0.005695
156000 0.004372
156500 0.003977
157000 0.005672
157500 0.006842
158000 0.005663
158500 0.004350
159000 0.003988
159500 0.005723
160000 0.006835
160500 0.005632
161000 0.004329
161500 0.004001
162000 0.005772
162500 0.006823
163000 0.005601
163500 0.004309
164000 0.004014
164500 0.005822
165000 0.006814
165500 0.005570
166000 0.004288
166500 0.004029
167000 0.005870
167500 0.006800
168000 0.005538
168500 0.004268
169000 0.004044
169500 0.005919
170000 0.006788
170500 0.005508
171000 0.004249
171500 0.004061
172000 0.005967
172500 0.006772
173000 0.005477
173500 0.004230
174000 0.004079
174500 0.006014
175000 0.006759
175500 0.005446
176000 0.004212
176500 0.004098
177000 0.006060
177500 0.006741
178000 0.005415
178500 0.004193
179000 0.004119
179500 0.006106
180000 0.006725
180500 0.005385
181000 0.004176
181500 0.004140
182000 0.006150
182500 0.006705
183000 0.005354
183500 0.004159
184000 0.004163
184500 0.006194
185000 0.006688
185500 0.005324
186000 0.004142
186500 0.004186
187000 0.006236
187500 0.006667
188000 0.005293
188500 0.004126
189000 0.004212
189500 0.006277
190000 0.006647
190500 0.005263
191000 0.004110
191500 0.004238
192000 0.006317
192500 0.006625
193000 0.005233
193500 0.004095
194000 0.004265
194500 0.006357
195000 0.006604
195500 0.005204
196000 0.004080
196500 0.004293
197000 0.006394
197500 0.006580
198000 0.005174
198500 0.004066
199000 0.004323
199500 0.006431
200000 0.006558
200500 0.005144
201000 0.004053
201500 0.004354
202000 0.006466
202500 0.006533
203000 0.005115
203500 0.004040
204000 0.004386
204500 0.006500
205000 0.006509
205500 0.005086
206000 0.004027
206500 0.004419
207000 0.006532
207500 0.006483
208000 0.005057
208500 0.004016
209000 0.004453
209500 0.006564
210000 0.006458
210500 0.005028
211000 0.004004
211500 0.004489
212000 0.006593
212500 0.006431
213000 0.004999
213500 0.003994
214000 0.004525
214500 0.006621
215000 0.006406
215500 0.004971
216000 0.003984
216500 0.004563
217000 0.006648
217500 0.006378
218000 0.004943
218500 0.003975
219000 0.004601
219500 0.006673
220000 0.006351
220500 0.004915
221000 0.003966
221500 0.004641
222000 0.006696
222500 0.006323
223000 0.004887
223500 0.003958
224000 0.004681
224500 0.006719
225000 0.006295
225500 0.004860
226000 0.003951
226500 0.004723
227000 0.006739
227500 0.006266
228000 0.004833
228500 0.003944
229000 0.004765
229500 0.006758
230000 0.006238
230500 0.004806
231000 0.003938
231500 0.004808
232000 0.006775
232500 0.006208
233000 0.004779
233500 0.003933
234000 0.004853
234500 0.006792
235000 0.006179
235500 0.004752
236000 0.003929
236500 0.004898
237000 0.006806
237500 0.006149
238000 0.004726
238500 0.003926
239000 0.004943
239500 0.006819
240000 0.006120
240500 0.004700
241000 0.003923
241500 0.004990
242000 0.006830
242500 0.006089
243000 0.004674
243500 0.003921
244000 0.005037
244500 0.006841
245000 0.006059
245500 0.004649
246000 0.003920
246500 0.005084
247000 0.006848
247500 0.006029
248000 0.004624
248500 0.003920
249000 0.005133
249500 0.006857
250000 0.005999
250500 0.004599
251000 0.003920
251500 0.005181
252000 0.006861
252500 0.005968
253000 0.004574
253500 0.003922
254000 0.005231
254500 0.006866
255000 0.005937
255500 0.004550
256000 0.003924
256500 0.005280
257000 0.006868
257500 0.005906
258000 0.004526
258500 0.003928
259000 0.005330
259500 0.006871
260000 0.005876
260500 0.004503
261000 0.003932
261500 0.005380
262000 0.006870
262500 0.005844
263000 0.004479
263500 0.003937
264000 0.005430
264500 0.006869
265000 0.005814
265500 0.004456
266000 0.003944
266500 0.005480
267000 0.006866
267500 0.005782
268000 0.004434
268500 0.003951
269000 0.005531
269500 0.006863
270000 0.005752
270500 0.004411
271000 0.003959
271500 0.005581
272000 0.006856
272500 0.005720
273000 0.004390
