1000 0.000542
1500 0.000800
2000 0.001190
2500 0.001753
3000 0.002499
3500 0.003326
4000 0.003999
4500 0.004378
5000 0.004595
5500 0.004747
6000 0.004643
6500 0.004297
7000 0.004489
7500 0.006127
8000 0.006593
8500 0.005408
9000 0.004844
9500 0.006439
10000 0.006977
10500 0.005529
11000 0.004483
11500 0.005525
12000 0.007307
12500 0.006209
13000 0.004710
13500 0.004431
14000 0.006620
14500 0.007111
15000 0.005510
15500 0.004308
16000 0.004983
16500 0.007277
17000 0.006579
17500 0.004954
18000 0.004209
18500 0.005894
19000 0.007368
19500 0.005977
20000 0.004525
20500 0.004449
21000 0.006803
21500 0.007040
22000 0.005399
22500 0.004253
23000 0.005083
23500 0.007327
24000 0.006503
24500 0.004888
25000 0.004211
25500 0.006007
26000 0.007350
26500 0.005908
27000 0.004484
27500 0.004499
28000 0.006885
28500 0.006988
29000 0.005338
29500 0.004235
30000 0.005173
30500 0.007354
31000 0.006439
31500 0.004839
32000 0.004225
32500 0.006112
33000 0.007325
33500 0.005845
34000 0.004448
34500 0.004553
35000 0.006960
35500 0.006935
36000 0.005281
36500 0.004221
37000 0.005266
37500 0.007373
38000 0.006375
38500 0.004791
39000 0.004242
39500 0.006215
40000 0.007297
40500 0.005781
41000 0.004415
41500 0.004612
42000 0.007029
42500 0.006880
43000 0.005223
43500 0.004210
44000 0.005362
44500 0.007387
45000 0.006311
45500 0.004744
46000 0.004263
46500 0.006317
47000 0.007265
47500 0.005719
48000 0.004383
48500 0.004675
49000 0.007092
49500 0.006823
50000 0.005167
50500 0.004201
51000 0.005461
51500 0.007395
52000 0.006247
52500 0.004698
53000 0.004289
53500 0.006416
54000 0.007229
54500 0.005657
55000 0.004353
55500 0.004743
56000 0.007149
56500 0.006764
57000 0.005112
57500 0.004196
58000 0.005562
58500 0.007398
59000 0.006183
59500 0.004654
60000 0.004319
60500 0.006513
61000 0.007190
61500 0.005595
62000 0.004326
62500 0.004816
63000 0.007201
63500 0.006705
64000 0.005058
64500 0.004194
65000 0.005664
65500 0.007395
66000 0.006119
66500 0.004612
67000 0.004353
67500 0.006607
68000 0.007147
68500 0.005534
69000 0.004301
69500 0.004892
70000 0.007246
70500 0.006644
71000 0.005005
71500 0.004195
72000 0.005768
72500 0.007387
73000 0.006054
73500 0.004571
74000 0.004392
74500 0.006696
75000 0.007102
75500 0.005474
76000 0.004278
76500 0.004973
77000 0.007286
77500 0.006583
78000 0.004953
78500 0.004200
79000 0.005872
79500 0.007374
80000 0.005990
80500 0.004532
81000 0.004436
81500 0.006782
82000 0.007054
82500 0.005414
83000 0.004258
83500 0.005058
84000 0.007319
84500 0.006520
85000 0.004903
85500 0.004208
86000 0.005977
86500 0.007356
87000 0.005927
87500 0.004494
88000 0.004484
88500 0.006862
89000 0.007003
89500 0.005355
90000 0.004240
90500 0.005146
91000 0.007347
91500 0.006458
92000 0.004853
92500 0.004220
93000 0.006081
93500 0.007333
94000 0.005863
94500 0.004458
95000 0.004536
95500 0.006938
96000 0.006951
96500 0.005298
97000 0.004225
97500 0.005238
98000 0.007368
98500 0.006394
99000 0.004805
99500 0.004236
100000 0.006185
100500 0.007306
101000 0.005800
101500 0.004424
102000 0.004594
102500 0.007009
103000 0.006896
103500 0.005240
104000 0.004213
104500 0.005333
105000 0.007384
105500 0.006331
106000 0.004758
106500 0.004256
107000 0.006287
107500 0.007275
108000 0.005737
108500 0.004392
109000 0.004656
109500 0.007074
110000 0.006840
110500 0.005184
111000 0.004203
111500 0.005431
112000 0.007394
112500 0.006267
113000 0.004712
113500 0.004281
114000 0.006387
114500 0.007240
115000 0.005675
115500 0.004362
116000 0.004722
116500 0.007133
117000 0.006782
117500 0.005129
118000 0.004197
118500 0.005531
119000 0.007398
119500 0.006202
120000 0.004668
120500 0.004309
121000 0.006484
121500 0.007202
122000 0.005614
122500 0.004334
123000 0.004793
123500 0.007186
124000 0.006723
124500 0.005075
125000 0.004194
125500 0.005633
126000 0.007397
126500 0.006138
127000 0.004625
127500 0.004342
128000 0.006578
128500 0.007161
129000 0.005553
129500 0.004308
130000 0.004868
130500 0.007233
131000 0.006663
131500 0.005021
132000 0.004194
132500 0.005736
133000 0.007390
133500 0.006074
134000 0.004583
134500 0.004380
135000 0.006669
135500 0.007116
136000 0.005492
136500 0.004285
137000 0.004948
137500 0.007274
138000 0.006602
138500 0.004969
139000 0.004198
139500 0.005840
140000 0.007379
140500 0.006010
141000 0.004544
141500 0.004422
142000 0.006756
142500 0.007069
143000 0.005433
143500 0.004264
144000 0.005031
144500 0.007310
145000 0.006540
145500 0.004918
146000 0.004205
146500 0.005944
147000 0.007362
147500 0.005947
148000 0.004506
148500 0.004468
149000 0.006838
149500 0.007019
150000 0.005374
150500 0.004245
151000 0.005118
151500 0.007339
152000 0.006477
152500 0.004868
153000 0.004216
153500 0.006049
154000 0.007341
154500 0.005883
155000 0.004469
155500 0.004519
156000 0.006915
156500 0.006968
157000 0.005316
157500 0.004229
158000 0.005209
158500 0.007362
159000 0.006414
159500 0.004820
160000 0.004231
160500 0.006152
161000 0.007315
161500 0.005820
162000 0.004435
162500 0.004575
163000 0.006987
163500 0.006914
164000 0.005258
164500 0.004216
165000 0.005303
165500 0.007380
166000 0.006351
166500 0.004772
167000 0.004250
167500 0.006255
168000 0.007285
168500 0.005757
169000 0.004402
169500 0.004635
170000 0.007054
170500 0.006858
171000 0.005202
171500 0.004206
172000 0.005400
172500 0.007391
173000 0.006287
173500 0.004726
174000 0.004273
174500 0.006355
175000 0.007252
175500 0.005695
176000 0.004371
176500 0.004700
177000 0.007115
177500 0.006801
178000 0.005146
178500 0.004199
179000 0.005499
179500 0.007398
180000 0.006223
180500 0.004682
181000 0.004300
181500 0.006453
182000 0.007215
182500 0.005633
183000 0.004343
183500 0.004770
184000 0.007170
184500 0.006742
185000 0.005092
185500 0.004195
186000 0.005600
186500 0.007398
187000 0.006159
187500 0.004638
188000 0.004331
188500 0.006548
189000 0.007174
189500 0.005572
190000 0.004316
190500 0.004844
191000 0.007219
191500 0.006683
192000 0.005038
192500 0.004194
193000 0.005703
193500 0.007393
194000 0.006095
194500 0.004597
195000 0.004367
195500 0.006640
196000 0.007131
196500 0.005512
197000 0.004292
197500 0.004922
198000 0.007262
198500 0.006622
199000 0.004986
199500 0.004196
200000 0.005806
200500 0.007383
201000 0.006031
201500 0.004556
202000 0.004408
202500 0.006728
203000 0.007085
203500 0.005452
204000 0.004270
204500 0.005004
205000 0.007299
205500 0.006560
206000 0.004935
206500 0.004202
207000 0.005911
207500 0.007368
208000 0.005967
208500 0.004518
209000 0.004453
209500 0.006812
210000 0.007036
210500 0.005393
211000 0.004251
211500 0.005090
212000 0.007330
212500 0.006498
213000 0.004884
213500 0.004212
214000 0.006015
214500 0.007348
215000 0.005904
215500 0.004481
216000 0.004502
216500 0.006890
217000 0.006985
217500 0.005334
218000 0.004234
218500 0.005179
219000 0.007355
219500 0.006435
220000 0.004835
220500 0.004226
221000 0.006119
221500 0.007324
222000 0.005841
222500 0.004446
223000 0.004556
223500 0.006964
224000 0.006932
224500 0.005277
225000 0.004220
225500 0.005272
226000 0.007375
226500 0.006371
227000 0.004788
227500 0.004243
228000 0.006222
228500 0.007296
229000 0.005778
229500 0.004413
230000 0.004615
230500 0.007033
231000 0.006877
231500 0.005220
232000 0.004209
232500 0.005368
233000 0.007388
233500 0.006308
234000 0.004741
234500 0.004265
235000 0.006323
235500 0.007263
236000 0.005715
236500 0.004381
237000 0.004679
237500 0.007095
238000 0.006820
238500 0.005164
239000 0.004201
239500 0.005466
240000 0.007396
240500 0.006244
241000 0.004696
241500 0.004290
242000 0.006421
242500 0.007227
243000 0.005653
243500 0.004352
244000 0.004747
244500 0.007152
245000 0.006762
245500 0.005110
246000 0.004196
246500 0.005567
247000 0.007399
247500 0.006180
248000 0.004652
248500 0.004320
249000 0.006518
249500 0.007188
250000 0.005592
250500 0.004325
251000 0.004819
251500 0.007203
252000 0.006702
252500 0.005056
253000 0.004194
253500 0.005669
254000 0.007395
254500 0.006116
255000 0.004610
255500 0.004355
256000 0.006611
256500 0.007145
257000 0.005531
257500 0.004300
258000 0.004896
258500 0.007248
259000 0.006642
259500 0.005003
260000 0.004195
260500 0.005772
261000 0.007387
261500 0.006052
262000 0.004569
262500 0.004394
263000 0.006700
263500 0.007100
264000 0.005471
264500 0.004277
265000 0.004976
265500 0.007287
266000 0.006581
266500 0.004951
267000 0.004200
267500 0.005876
268000 0.007374
268500 0.005988
269000 0.004530
269500 0.004437
270000 0.006785
270500 0.007052
271000 0.005412
271500 0.004257
272000 0.005061
272500 0.007321
273000 0.006518
