1000 0.000751
1500 0.001253
2000 0.002117
2500 0.003533
3000 0.005617
3500 0.008241
4000 0.010720
4500 0.013330
5000 0.016202
5500 0.016202
6000 0.017463
6500 0.013240
7000 0.009072
7500 0.009725
8000 0.015480
8500 0.016251
9000 0.016855
9500 0.016114
10000 0.016121
10500 0.017957
11000 0.013236
11500 0.015043
12000 0.018435
12500 0.015592
13000 0.017978
13500 0.015404
14000 0.015110
14500 0.018800
15000 0.015308
15500 0.017590
16000 0.017370
16500 0.012581
17000 0.016071
17500 0.018928
18000 0.014285
18500 0.018109
19000 0.017333
19500 0.012547
20000 0.016798
20500 0.018473
21000 0.014543
21500 0.018927
22000 0.016271
22500 0.013730
23000 0.019208
23500 0.015992
24000 0.016099
24500 0.018930
25000 0.014000
25500 0.016837
26000 0.018447
26500 0.014276
27000 0.018798
27500 0.016629
28000 0.014128
28500 0.019340
29000 0.015636
29500 0.015753
30000 0.019084
30500 0.014281
31000 0.017175
31500 0.018240
32000 0.014077
32500 0.018777
33000 0.016698
33500 0.014366
34000 0.019376
34500 0.015410
35000 0.015751
35500 0.019076
36000 0.014317
36500 0.017398
37000 0.018079
37500 0.014011
38000 0.018836
38500 0.016626
39000 0.014494
39500 0.019388
40000 0.015269
40500 0.015856
41000 0.019026
41500 0.014280
42000 0.017558
42500 0.017954
43000 0.014004
43500 0.018914
44000 0.016512
44500 0.014590
45000 0.019391
45500 0.015159
46000 0.015990
46500 0.018961
47000 0.014230
47500 0.017701
48000 0.017836
48500 0.014015
49000 0.018991
49500 0.016390
50000 0.014683
50500 0.019388
51000 0.015058
51500 0.016132
52000 0.018889
52500 0.014182
53000 0.017837
53500 0.017719
54000 0.014036
54500 0.019062
55000 0.016268
55500 0.014781
56000 0.019378
56500 0.014961
57000 0.016278
57500 0.018811
58000 0.014138
58500 0.017970
59000 0.017600
59500 0.014064
60000 0.019127
60500 0.016145
61000 0.014884
61500 0.019361
62000 0.014868
62500 0.016425
63000 0.018729
63500 0.014099
64000 0.018098
64500 0.017479
65000 0.014099
65500 0.019184
66000 0.016025
66500 0.014993
67000 0.019339
67500 0.014778
68000 0.016573
68500 0.018641
69000 0.014066
69500 0.018222
70000 0.017356
70500 0.014140
71000 0.019235
71500 0.015905
72000 0.015107
72500 0.019309
73000 0.014693
73500 0.016722
74000 0.018550
74500 0.014039
75000 0.018341
75500 0.017233
76000 0.014188
76500 0.019278
77000 0.015787
77500 0.015226
78000 0.019274
78500 0.014611
79000 0.016871
79500 0.018454
80000 0.014017
80500 0.018455
81000 0.017108
81500 0.014243
82000 0.019314
82500 0.015671
83000 0.015351
83500 0.019233
84000 0.014534
84500 0.017020
85000 0.018354
85500 0.014002
86000 0.018564
86500 0.016983
87000 0.014305
87500 0.019344
88000 0.015558
88500 0.015479
89000 0.019186
89500 0.014461
90000 0.017167
90500 0.018250
91000 0.013993
91500 0.018666
92000 0.016857
92500 0.014373
93000 0.019366
93500 0.015447
94000 0.015612
94500 0.019133
95000 0.014392
95500 0.017314
96000 0.018143
96500 0.013990
97000 0.018763
97500 0.016731
98000 0.014448
98500 0.019381
99000 0.015338
99500 0.015748
100000 0.019074
100500 0.014329
101000 0.017459
101500 0.018032
102000 0.013994
102500 0.018853
103000 0.016605
103500 0.014529
104000 0.019389
104500 0.015232
105000 0.015888
105500 0.019010
106000 0.014270
106500 0.017601
107000 0.017919
107500 0.014004
108000 0.018936
108500 0.016479
109000 0.014617
109500 0.019391
110000 0.015129
110500 0.016031
111000 0.018940
111500 0.014216
112000 0.017741
112500 0.017802
113000 0.014021
113500 0.019013
114000 0.016354
114500 0.014711
115000 0.019385
115500 0.015029
116000 0.016176
116500 0.018866
117000 0.014168
117500 0.017877
118000 0.017684
118500 0.014045
119000 0.019083
119500 0.016230
120000 0.014811
120500 0.019373
121000 0.014933
121500 0.016323
122000 0.018786
122500 0.014125
123000 0.018009
123500 0.017563
124000 0.014075
124500 0.019146
125000 0.016107
