1000 0.000560
1500 0.000867
2000 0.001365
2500 0.002151
3000 0.003341
3500 0.004975
4000 0.006911
4500 0.008727
5000 0.010496
5500 0.013126
6000 0.013471
6500 0.012684
7000 0.015260
7500 0.014053
8000 0.011557
8500 0.014254
9000 0.015646
9500 0.013189
10000 0.015265
10500 0.015191
11000 0.010829
11500 0.007893
12000 0.009615
12500 0.016245
13000 0.015110
13500 0.013234
14000 0.016338
14500 0.014111
15000 0.011169
15500 0.014298
16000 0.016295
16500 0.012047
17000 0.009537
17500 0.013469
18000 0.016651
18500 0.013009
19000 0.013217
19500 0.016636
20000 0.013361
20500 0.010609
21000 0.014303
21500 0.016344
22000 0.012112
22500 0.010131
23000 0.014842
23500 0.016181
24000 0.012208
24500 0.013106
25000 0.016716
25500 0.013384
26000 0.011699
26500 0.016146
27000 0.015046
27500 0.011766
28000 0.014910
28500 0.016084
29000 0.012170
29500 0.013046
30000 0.016716
30500 0.013434
31000 0.011982
31500 0.016360
32000 0.014735
32500 0.011583
33000 0.014982
33500 0.016048
34000 0.012167
34500 0.013323
35000 0.016681
35500 0.013216
36000 0.011996
36500 0.016427
37000 0.014634
37500 0.011625
38000 0.015206
38500 0.015905
39000 0.012040
39500 0.013470
40000 0.016658
40500 0.013101
41000 0.012126
41500 0.016514
42000 0.014456
42500 0.011606
43000 0.015369
43500 0.015789
44000 0.011969
44500 0.013674
45000 0.016607
45500 0.012951
46000 0.012229
46500 0.016580
47000 0.014305
47500 0.011626
48000 0.015546
48500 0.015652
49000 0.011886
49500 0.013860
50000 0.016557
50500 0.012823
51000 0.012362
51500 0.016634
52000 0.014139
52500 0.011642
53000 0.015703
53500 0.015518
54000 0.011823
54500 0.014062
55000 0.016487
55500 0.012688
56000 0.012493
56500 0.016675
57000 0.013986
57500 0.011682
58000 0.015858
58500 0.015370
59000 0.011759
59500 0.014255
60000 0.016415
60500 0.012568
61000 0.012645
61500 0.016701
62000 0.013824
62500 0.011722
63000 0.015997
63500 0.015226
64000 0.011714
64500 0.014457
65000 0.016326
65500 0.012445
66000 0.012796
66500 0.016717
67000 0.013673
67500 0.011785
68000 0.016128
68500 0.015070
69000 0.011669
69500 0.014648
70000 0.016234
70500 0.012337
71000 0.012966
71500 0.016716
72000 0.013515
72500 0.011849
73000 0.016244
73500 0.014920
74000 0.011643
74500 0.014846
75000 0.016128
75500 0.012227
76000 0.013134
76500 0.016709
77000 0.013370
77500 0.011936
78000 0.016351
78500 0.014758
79000 0.011618
79500 0.015031
80000 0.016018
80500 0.012133
81000 0.013319
81500 0.016682
82000 0.013218
82500 0.012024
83000 0.016442
83500 0.014604
84000 0.011613
84500 0.015218
85000 0.015896
85500 0.012037
86000 0.013499
86500 0.016652
87000 0.013080
87500 0.012134
88000 0.016521
88500 0.014440
89000 0.011610
89500 0.015392
90000 0.015773
90500 0.011958
91000 0.013695
91500 0.016601
92000 0.012936
92500 0.012245
93000 0.016587
93500 0.014285
94000 0.011627
94500 0.015564
95000 0.015636
95500 0.011878
96000 0.013884
96500 0.016550
97000 0.012807
97500 0.012378
98000 0.016639
98500 0.014121
99000 0.011646
99500 0.015722
100000 0.015501
100500 0.011816
101000 0.014085
101500 0.016478
102000 0.012673
102500 0.012510
103000 0.016679
103500 0.013967
104000 0.011686
104500 0.015875
105000 0.015353
105500 0.011753
106000 0.014278
106500 0.016405
107000 0.012554
107500 0.012663
108000 0.016703
108500 0.013805
109000 0.011728
109500 0.016012
110000 0.015209
110500 0.011709
111000 0.014480
111500 0.016315
112000 0.012432
112500 0.012815
113000 0.016718
113500 0.013655
114000 0.011793
114500 0.016143
115000 0.015052
115500 0.011665
116000 0.014671
116500 0.016222
117000 0.012325
117500 0.012986
118000 0.016716
118500 0.013497
119000 0.011858
119500 0.016257
120000 0.014902
120500 0.011640
121000 0.014868
121500 0.016115
122000 0.012215
122500 0.013154
123000 0.016707
123500 0.013352
124000 0.011946
124500 0.016362
125000 0.014740
