1000 0.032986
1500 0.042460
2000 0.047400
2500 0.041685
3000 0.044865
3500 0.047867
4000 0.047062
4500 0.045885
5000 0.051900
5500 0.055657
6000 0.053053
6500 0.057881
7000 0.050716
7500 0.048658
8000 0.050550
8500 0.040820
9000 0.045602
9500 0.043398
10000 0.045191
10500 0.052509
11000 0.057781
11500 0.052381
12000 0.048281
12500 0.057167
13000 0.045974
13500 0.041197
14000 0.050521
14500 0.047585
15000 0.038615
15500 0.042673
16000 0.043367
16500 0.043339
17000 0.049312
17500 0.046186
18000 0.053107
18500 0.050710
19000 0.048555
19500 0.057408
20000 0.045710
20500 0.049242
21000 0.047212
21500 0.051399
22000 0.053873
22500 0.048830
23000 0.050160
23500 0.044335
24000 0.058281
24500 0.054785
25000 0.048691
25500 0.058514
26000 0.057833
26500 0.053143
27000 0.054496
27500 0.045900
28000 0.047606
28500 0.042312
29000 0.045000
29500 0.047927
30000 0.046496
30500 0.050070
31000 0.063940
31500 0.053747
32000 0.051096
32500 0.048169
33000 0.056041
33500 0.055144
34000 0.057768
34500 0.060145
35000 0.056777
35500 0.041964
36000 0.051052
36500 0.049061
37000 0.055284
37500 0.058213
38000 0.060040
38500 0.061564
39000 0.056553
39500 0.060460
40000 0.053122
40500 0.047867
41000 0.052665
41500 0.053114
42000 0.054040
42500 0.053050
43000 0.054407
43500 0.048295
44000 0.051770
44500 0.049271
45000 0.048283
45500 0.049875
46000 0.038975
46500 0.051230
47000 0.047177
47500 0.054923
48000 0.061388
48500 0.061617
49000 0.049829
49500 0.049268
50000 0.048363
50500 0.047202
51000 0.052280
51500 0.041545
52000 0.043290
52500 0.042433
53000 0.050251
53500 0.043856
54000 0.052867
54500 0.057414
55000 0.046781
55500 0.045678
56000 0.040652
56500 0.035387
57000 0.047936
57500 0.050881
58000 0.057838
58500 0.047273
59000 0.045927
59500 0.049217
60000 0.044884
60500 0.044476
61000 0.045494
61500 0.044961
62000 0.052118
62500 0.032901
63000 0.051123
63500 0.052661
64000 0.054060
64500 0.055501
65000 0.051853
65500 0.051675
66000 0.043098
66500 0.055464
67000 0.060025
67500 0.061708
68000 0.056928
68500 0.058152
69000 0.052401
69500 0.058223
70000 0.056433
70500 0.065843
71000 0.061811
71500 0.057817
72000 0.052524
72500 0.047307
73000 0.041392
73500 0.046927
74000 0.041700
74500 0.052362
75000 0.056599
75500 0.056214
76000 0.041178
76500 0.048010
77000 0.038332
77500 0.047164
78000 0.044841
78500 0.052480
79000 0.051843
79500 0.054572
80000 0.065766
80500 0.059639
81000 0.064412
81500 0.058418
82000 0.043374
82500 0.052100
83000 0.054695
83500 0.056775
84000 0.052331
84500 0.051717
85000 0.056737
85500 0.053277
86000 0.065685
86500 0.054076
87000 0.049768
87500 0.052651
88000 0.057343
88500 0.050454
89000 0.056051
89500 0.060872
90000 0.051103
90500 0.044627
91000 0.054797
91500 0.052173
92000 0.050986
92500 0.050037
93000 0.050815
93500 0.050036
94000 0.056282
94500 0.061712
95000 0.058647
95500 0.058122
96000 0.061238
96500 0.050948
97000 0.061355
97500 0.051961
98000 0.048271
98500 0.060317
99000 0.052801
99500 0.047429
100000 0.042882
100500 0.050689
101000 0.062705
101500 0.053102
102000 0.058799
102500 0.056359
103000 0.063725
103500 0.059843
104000 0.051600
104500 0.043213
105000 0.042290
105500 0.048316
106000 0.056937
106500 0.052638
107000 0.058488
107500 0.062481
108000 0.063877
108500 0.056006
109000 0.056235
109500 0.050730
110000 0.051893
110500 0.053035
111000 0.054324
111500 0.050983
112000 0.044118
112500 0.050750
113000 0.052567
113500 0.049954
114000 0.047323
114500 0.051091
115000 0.058858
115500 0.051058
116000 0.051251
116500 0.059129
117000 0.058999
117500 0.052721
118000 0.052663
118500 0.064419
119000 0.058580
119500 0.043220
120000 0.049633
120500 0.052091
121000 0.049306
121500 0.048786
122000 0.048821
122500 0.048288
123000 0.048766
123500 0.057105
124000 0.040782
124500 0.045517
125000 0.053958
