1000 0.010292
1500 0.022830
2000 0.036355
2500 0.037114
3000 0.042536
3500 0.035652
4000 0.037907
4500 0.039158
5000 0.041789
5500 0.036191
6000 0.032276
6500 0.027687
7000 0.031342
7500 0.035565
8000 0.036831
8500 0.037441
9000 0.037067
9500 0.037142
10000 0.047495
10500 0.039500
11000 0.035123
11500 0.038308
12000 0.041604
12500 0.034208
13000 0.032327
13500 0.028589
14000 0.034336
14500 0.036622
15000 0.039309
15500 0.038217
16000 0.034984
16500 0.036100
17000 0.038752
17500 0.040532
18000 0.040496
18500 0.031729
19000 0.036244
19500 0.040894
20000 0.036854
20500 0.033054
21000 0.033584
21500 0.040404
22000 0.044611
22500 0.033892
23000 0.041951
23500 0.041197
24000 0.037704
24500 0.035265
25000 0.034694
25500 0.033628
26000 0.033919
26500 0.032869
27000 0.037361
27500 0.033842
28000 0.035678
28500 0.036814
29000 0.037980
29500 0.033671
30000 0.034405
30500 0.032037
31000 0.029658
31500 0.030177
32000 0.036611
32500 0.038010
33000 0.040952
33500 0.042209
34000 0.041254
34500 0.042090
35000 0.032139
35500 0.030489
36000 0.035101
36500 0.032871
37000 0.042746
37500 0.037722
38000 0.041528
38500 0.040144
39000 0.036251
39500 0.037150
40000 0.041567
40500 0.041680
41000 0.042442
41500 0.043127
42000 0.038920
42500 0.038111
43000 0.033526
43500 0.038694
44000 0.036394
44500 0.036872
45000 0.033834
45500 0.038265
46000 0.041101
46500 0.032469
47000 0.037175
47500 0.031048
48000 0.037203
48500 0.037589
49000 0.037001
49500 0.033253
50000 0.042730
50500 0.041605
51000 0.036829
51500 0.034935
52000 0.038662
52500 0.033564
53000 0.037404
53500 0.039902
54000 0.037122
54500 0.027877
55000 0.034793
55500 0.035500
56000 0.036318
56500 0.030041
57000 0.036394
57500 0.036318
58000 0.029835
58500 0.032397
59000 0.031008
59500 0.034522
60000 0.032214
60500 0.034527
61000 0.032287
61500 0.035923
62000 0.039729
62500 0.043113
63000 0.040232
63500 0.039318
64000 0.041438
64500 0.041752
65000 0.034511
65500 0.039449
66000 0.038230
66500 0.037165
67000 0.042500
67500 0.028473
68000 0.025585
68500 0.038217
69000 0.031076
69500 0.038287
70000 0.038303
70500 0.034503
71000 0.034401
71500 0.034278
72000 0.042418
72500 0.031162
73000 0.026681
73500 0.032578
74000 0.040350
74500 0.034637
75000 0.040338
75500 0.037920
76000 0.038148
76500 0.041852
77000 0.036563
77500 0.043710
78000 0.042849
78500 0.041986
79000 0.040578
79500 0.037841
80000 0.035770
80500 0.040503
81000 0.037683
81500 0.026657
82000 0.035984
82500 0.039109
83000 0.035429
83500 0.039180
84000 0.032662
84500 0.028564
85000 0.032106
85500 0.033366
86000 0.031677
86500 0.026322
87000 0.035527
87500 0.032817
88000 0.031549
88500 0.036580
89000 0.030770
89500 0.034958
90000 0.039123
90500 0.035233
91000 0.039663
91500 0.035571
92000 0.043224
92500 0.044652
93000 0.042417
93500 0.040634
94000 0.038749
94500 0.043491
95000 0.041205
95500 0.040994
96000 0.043677
96500 0.046216
97000 0.039695
97500 0.040825
98000 0.036300
98500 0.038524
99000 0.041744
99500 0.039400
100000 0.038752
100500 0.043742
101000 0.040119
101500 0.040373
102000 0.039909
102500 0.041015
103000 0.036658
103500 0.033001
104000 0.029825
104500 0.037392
105000 0.030418
105500 0.032834
106000 0.030022
106500 0.033937
107000 0.027634
107500 0.028775
108000 0.027830
108500 0.031313
109000 0.030886
109500 0.031996
110000 0.022636
110500 0.034893
111000 0.031373
111500 0.035767
112000 0.034187
112500 0.038967
113000 0.034826
113500 0.034755
114000 0.034910
114500 0.036957
115000 0.038743
115500 0.045448
116000 0.040874
116500 0.045823
117000 0.043632
117500 0.042334
118000 0.044264
118500 0.042680
119000 0.045505
119500 0.042752
120000 0.043786
120500 0.040248
121000 0.045933
121500 0.046393
122000 0.041930
122500 0.045242
123000 0.040515
123500 0.040529
124000 0.039906
124500 0.043477
125000 0.036888
