1000 0.026659
1500 0.032993
2000 0.041979
2500 0.056234
3000 0.053389
3500 0.060108
4000 0.038199
4500 0.047542
5000 0.049927
5500 0.044582
6000 0.044095
6500 0.041784
7000 0.046895
7500 0.044354
8000 0.044582
8500 0.045648
9000 0.039965
9500 0.047599
10000 0.048387
10500 0.043877
11000 0.039936
11500 0.047034
12000 0.039645
12500 0.047354
13000 0.035384
13500 0.034688
14000 0.041689
14500 0.043291
15000 0.046866
15500 0.032543
16000 0.041998
16500 0.058122
17000 0.055852
17500 0.043636
18000 0.042528
18500 0.044764
19000 0.051833
19500 0.044713
20000 0.048946
20500 0.045250
21000 0.046719
21500 0.046082
22000 0.045701
22500 0.053624
23000 0.041191
23500 0.044563
24000 0.050672
24500 0.050352
25000 0.058318
25500 0.056966
26000 0.057335
26500 0.062556
27000 0.057692
27500 0.049103
28000 0.059492
28500 0.059902
29000 0.055613
29500 0.050376
30000 0.043323
30500 0.055035
31000 0.048730
31500 0.047944
32000 0.039863
32500 0.051675
33000 0.048254
33500 0.040516
34000 0.032051
34500 0.039773
35000 0.044773
35500 0.044264
36000 0.041893
36500 0.045670
37000 0.055691
37500 0.046822
38000 0.050439
38500 0.059372
39000 0.051721
39500 0.053830
40000 0.051790
40500 0.055420
41000 0.061246
41500 0.057702
42000 0.054699
42500 0.051753
43000 0.046784
43500 0.051610
44000 0.049768
44500 0.057294
45000 0.056799
45500 0.052822
46000 0.052199
46500 0.043489
47000 0.045156
47500 0.035000
48000 0.038562
48500 0.041443
49000 0.033635
49500 0.037786
50000 0.043714
50500 0.038518
51000 0.044611
51500 0.040852
52000 0.045471
52500 0.053376
53000 0.051144
53500 0.052621
54000 0.047278
54500 0.052846
55000 0.051348
55500 0.056297
56000 0.050638
56500 0.050563
57000 0.054555
57500 0.051583
58000 0.060410
58500 0.056925
59000 0.044046
59500 0.040530
60000 0.049131
60500 0.043802
61000 0.038574
61500 0.040837
62000 0.049128
62500 0.043691
63000 0.051998
63500 0.053136
64000 0.053870
64500 0.044166
65000 0.041589
65500 0.045817
66000 0.047904
66500 0.049330
67000 0.044903
67500 0.037687
68000 0.041231
68500 0.040021
69000 0.044823
69500 0.037837
70000 0.038955
70500 0.040305
71000 0.041820
71500 0.049430
72000 0.055102
72500 0.050698
73000 0.056909
73500 0.058024
74000 0.052258
74500 0.056480
75000 0.061925
75500 0.052917
76000 0.041112
76500 0.050150
77000 0.048443
77500 0.047306
78000 0.044138
78500 0.041468
79000 0.043441
79500 0.051091
80000 0.053747
80500 0.042454
81000 0.057358
81500 0.047242
82000 0.049585
82500 0.053931
83000 0.057649
83500 0.055847
84000 0.042485
84500 0.053264
85000 0.049769
85500 0.048574
86000 0.043172
86500 0.043659
87000 0.047569
87500 0.055917
88000 0.055920
88500 0.054294
89000 0.044897
89500 0.041549
90000 0.040023
90500 0.045134
91000 0.052534
91500 0.055142
92000 0.047333
92500 0.044553
93000 0.043049
93500 0.046918
94000 0.052016
94500 0.049640
95000 0.052832
95500 0.052859
96000 0.054728
96500 0.055548
97000 0.054481
97500 0.041189
98000 0.049507
98500 0.049839
99000 0.052007
99500 0.050875
100000 0.046694
100500 0.045490
101000 0.038671
101500 0.048712
102000 0.053951
102500 0.057184
103000 0.056677
103500 0.052452
104000 0.052449
104500 0.047005
105000 0.058703
105500 0.051056
106000 0.048399
106500 0.042504
107000 0.043424
107500 0.042139
108000 0.049099
108500 0.038671
109000 0.040147
109500 0.037131
110000 0.043275
110500 0.038651
111000 0.039831
111500 0.042088
112000 0.043669
112500 0.043278
113000 0.035144
113500 0.040412
114000 0.048846
114500 0.049362
115000 0.051812
115500 0.051749
116000 0.061823
116500 0.049727
117000 0.063449
117500 0.052082
118000 0.046881
118500 0.053091
119000 0.044779
119500 0.058780
120000 0.057838
120500 0.052888
121000 0.051309
121500 0.042622
122000 0.035660
122500 0.035484
123000 0.052982
123500 0.046908
124000 0.043662
124500 0.039107
125000 0.046050
