1000 0.028559
1500 0.033350
2000 0.037918
2500 0.051352
3000 0.047112
3500 0.045489
4000 0.052742
4500 0.037700
5000 0.044185
5500 0.042454
6000 0.042622
6500 0.046762
7000 0.060159
7500 0.047453
8000 0.048142
8500 0.044128
9000 0.041707
9500 0.051536
10000 0.052096
10500 0.050268
11000 0.049737
11500 0.044458
12000 0.047527
12500 0.049733
13000 0.047734
13500 0.057462
14000 0.047243
14500 0.051021
15000 0.052772
15500 0.061390
16000 0.059752
16500 0.049667
17000 0.044570
17500 0.044035
18000 0.043091
18500 0.056871
19000 0.049130
19500 0.048277
20000 0.057238
20500 0.054143
21000 0.046777
21500 0.053179
22000 0.055023
22500 0.041637
23000 0.052370
23500 0.048751
24000 0.037046
24500 0.036968
25000 0.049604
25500 0.051019
26000 0.049109
26500 0.046759
27000 0.045884
27500 0.042883
28000 0.043647
28500 0.045205
29000 0.054448
29500 0.046059
30000 0.035332
30500 0.054076
31000 0.056131
31500 0.056776
32000 0.060230
32500 0.057286
33000 0.055290
33500 0.046157
34000 0.047317
34500 0.049057
35000 0.051887
35500 0.056017
36000 0.048169
36500 0.059270
37000 0.060591
37500 0.050824
38000 0.049334
38500 0.051367
39000 0.041974
39500 0.046989
40000 0.038066
40500 0.045564
41000 0.051679
41500 0.054050
42000 0.048083
42500 0.048777
43000 0.055096
43500 0.046845
44000 0.041291
44500 0.043235
45000 0.040991
45500 0.042177
46000 0.043158
46500 0.043127
47000 0.055279
47500 0.044635
48000 0.043359
48500 0.041153
49000 0.037621
49500 0.044452
50000 0.047356
50500 0.039678
51000 0.043671
51500 0.053510
52000 0.051236
52500 0.054734
53000 0.056664
53500 0.052210
54000 0.050493
54500 0.037311
55000 0.051897
55500 0.049760
56000 0.040760
56500 0.052574
57000 0.058106
57500 0.045739
58000 0.058323
58500 0.056696
59000 0.051196
59500 0.041283
60000 0.054548
60500 0.058473
61000 0.042993
61500 0.046168
62000 0.050877
62500 0.051194
63000 0.049068
63500 0.056204
64000 0.047528
64500 0.056211
65000 0.054383
65500 0.059165
66000 0.049373
66500 0.049509
67000 0.052304
67500 0.053923
68000 0.058759
68500 0.057484
69000 0.057089
69500 0.050426
70000 0.050009
70500 0.049887
71000 0.059702
71500 0.058794
72000 0.058178
72500 0.053004
73000 0.050136
73500 0.051165
74000 0.052189
74500 0.037803
75000 0.037155
75500 0.035380
76000 0.046169
76500 0.045606
77000 0.044845
77500 0.049053
78000 0.046700
78500 0.049143
79000 0.046877
79500 0.051870
80000 0.042007
80500 0.045757
81000 0.041257
81500 0.047439
82000 0.049952
82500 0.046091
83000 0.048114
83500 0.048602
84000 0.051009
84500 0.056803
85000 0.056696
85500 0.055986
86000 0.048507
86500 0.051100
87000 0.051898
87500 0.045255
88000 0.049217
88500 0.050173
89000 0.047751
89500 0.048244
90000 0.051458
90500 0.050183
91000 0.052136
91500 0.049936
92000 0.051149
92500 0.052377
93000 0.051282
93500 0.052972
94000 0.054740
94500 0.054857
95000 0.061459
95500 0.051602
96000 0.060631
96500 0.050188
97000 0.046339
97500 0.053735
98000 0.050474
98500 0.050270
99000 0.050248
99500 0.052085
100000 0.053975
100500 0.051945
101000 0.036623
101500 0.044007
102000 0.043057
102500 0.055453
103000 0.056382
103500 0.040736
104000 0.037212
104500 0.046466
105000 0.048136
105500 0.048931
106000 0.055392
106500 0.041542
107000 0.056015
107500 0.054639
108000 0.052338
108500 0.042592
109000 0.049509
109500 0.046979
110000 0.048592
110500 0.041495
111000 0.043112
111500 0.050277
112000 0.047274
112500 0.043436
113000 0.041441
113500 0.056991
114000 0.054712
114500 0.052446
115000 0.043527
115500 0.052519
116000 0.046958
116500 0.050682
117000 0.056447
117500 0.057535
118000 0.045545
118500 0.041264
119000 0.048703
119500 0.060135
120000 0.045938
120500 0.053905
121000 0.052515
121500 0.044860
122000 0.055130
122500 0.049398
123000 0.050743
123500 0.041506
124000 0.048467
124500 0.043389
125000 0.045430
