1000 0.000083
1500 0.000090
2000 0.000098
2500 0.000108
3000 0.000119
3500 0.000132
4000 0.000146
4500 0.000162
5000 0.000181
5500 0.000202
6000 0.000225
6500 0.000252
7000 0.000281
7500 0.000315
8000 0.000353
8500 0.000396
9000 0.000444
9500 0.000498
10000 0.000559
10500 0.000627
11000 0.000703
11500 0.000787
12000 0.000881
12500 0.000984
13000 0.001096
13500 0.001217
14000 0.001345
14500 0.001478
15000 0.001615
15500 0.001750
16000 0.001880
16500 0.002001
17000 0.002107
17500 0.002196
18000 0.002265
18500 0.002311
19000 0.002336
19500 0.002341
20000 0.002327
20500 0.002298
21000 0.002260
21500 0.002215
22000 0.002167
22500 0.002121
23000 0.002086
23500 0.002074
24000 0.002101
24500 0.002190
25000 0.002365
25500 0.002644
26000 0.003020
26500 0.003439
27000 0.003807
27500 0.004035
28000 0.004089
28500 0.003996
29000 0.003801
29500 0.003553
30000 0.003291
30500 0.003037
31000 0.002807
31500 0.002614
32000 0.002476
32500 0.002417
33000 0.002472
33500 0.002678
34000 0.003045
34500 0.003520
35000 0.003972
35500 0.004261
36000 0.004331
36500 0.004215
37000 0.003979
37500 0.003690
38000 0.003393
38500 0.003113
39000 0.002864
39500 0.002662
40000 0.002525
40500 0.002481
41000 0.002568
41500 0.002819
42000 0.003227
42500 0.003709
43000 0.004116
43500 0.004326
44000 0.004321
44500 0.004150
45000 0.003885
45500 0.003587
46000 0.003292
46500 0.003021
47000 0.002787
47500 0.002606
48000 0.002500
48500 0.002502
49000 0.002649
49500 0.002965
50000 0.003416
50500 0.003887
51000 0.004226
51500 0.004347
52000 0.004270
52500 0.004054
53000 0.003770
53500 0.003470
54000 0.003182
54500 0.002924
55000 0.002709
55500 0.002554
56000 0.002485
56500 0.002539
57000 0.002751
57500 0.003128
58000 0.003605
58500 0.004041
59000 0.004300
59500 0.004339
60000 0.004198
60500 0.003948
61000 0.003654
61500 0.003356
62000 0.003078
62500 0.002834
63000 0.002640
63500 0.002515
64000 0.002488
64500 0.002599
65000 0.002877
65500 0.003305
66000 0.003786
66500 0.004166
67000 0.004339
67500 0.004303
68000 0.004111
68500 0.003838
69000 0.003538
69500 0.003246
70000 0.002980
70500 0.002753
71000 0.002582
71500 0.002491
72000 0.002512
72500 0.002685
73000 0.003026
73500 0.003491
74000 0.003951
74500 0.004260
75000 0.004348
75500 0.004244
76000 0.004013
76500 0.003724
77000 0.003424
77500 0.003140
78000 0.002887
78500 0.002680
79000 0.002536
79500 0.002483
80000 0.002558
80500 0.002796
81000 0.003194
81500 0.003676
82000 0.004093
82500 0.004319
83000 0.004328
83500 0.004167
84000 0.003906
84500 0.003609
85000 0.003313
85500 0.003039
86000 0.002802
86500 0.002616
87000 0.002503
87500 0.002495
88000 0.002629
88500 0.002931
89000 0.003375
89500 0.003851
90000 0.004206
90500 0.004346
91000 0.004283
91500 0.004075
92000 0.003795
92500 0.003495
93000 0.003205
93500 0.002944
94000 0.002724
94500 0.002563
95000 0.002486
95500 0.002527
96000 0.002724
96500 0.003088
97000 0.003562
97500 0.004008
98000 0.004286
98500 0.004344
99000 0.004216
99500 0.003973
100000 0.003680
100500 0.003382
101000 0.003101
101500 0.002854
102000 0.002655
102500 0.002522
103000 0.002485
103500 0.002582
104000 0.002845
104500 0.003262
105000 0.003744
105500 0.004140
106000 0.004333
106500 0.004314
107000 0.004133
107500 0.003864
108000 0.003565
108500 0.003272
109000 0.003002
109500 0.002771
110000 0.002595
110500 0.002495
111000 0.002504
111500 0.002662
112000 0.002989
112500 0.003446
113000 0.003913
113500 0.004241
114000 0.004348
114500 0.004260
115000 0.004037
115500 0.003751
116000 0.003451
116500 0.003165
117000 0.002909
117500 0.002697
118000 0.002546
118500 0.002483
119000 0.002545
119500 0.002767
120000 0.003153
120500 0.003632
121000 0.004062
121500 0.004308
122000 0.004335
122500 0.004186
123000 0.003932
123500 0.003637
124000 0.003339
124500 0.003063
125000 0.002822
125500 0.002631
126000 0.002510
126500 0.002490
127000 0.002610
127500 0.002897
128000 0.003332
128500 0.003811
129000 0.004182
129500 0.004342
130000 0.004296
130500 0.004098
131000 0.003822
131500 0.003522
132000 0.003230
132500 0.002966
133000 0.002742
133500 0.002575
134000 0.002488
134500 0.002517
135000 0.002699
135500 0.003049
136000 0.003517
136500 0.003973
137000 0.004270
137500 0.004347
138000 0.004234
138500 0.003998
139000 0.003708
139500 0.003408
140000 0.003126
140500 0.002875
141000 0.002670
141500 0.002531
142000 0.002484
142500 0.002567
143000 0.002814
143500 0.003220
144000 0.003701
144500 0.004111
145000 0.004325
145500 0.004323
146000 0.004154
146500 0.003891
147000 0.003593
147500 0.003297
148000 0.003025
148500 0.002790
149000 0.002608
149500 0.002500
150000 0.002498
150500 0.002641
151000 0.002953
151500 0.003402
152000 0.003875
152500 0.004220
153000 0.004347
153500 0.004275
154000 0.004061
154500 0.003779
155000 0.003478
155500 0.003190
156000 0.002930
156500 0.002714
157000 0.002557
157500 0.002485
158000 0.002533
158500 0.002740
159000 0.003112
159500 0.003588
160000 0.004029
160500 0.004295
161000 0.004341
161500 0.004205
162000 0.003958
162500 0.003664
163000 0.003366
163500 0.003087
164000 0.002842
164500 0.002645
165000 0.002517
165500 0.002487
166000 0.002592
166500 0.002864
167000 0.003288
167500 0.003769
168000 0.004156
168500 0.004337
169000 0.004307
169500 0.004120
170000 0.003848
170500 0.003549
171000 0.003256
171500 0.002989
172000 0.002760
172500 0.002587
173000 0.002492
173500 0.002509
174000 0.002676
174500 0.003011
175000 0.003473
