1000 0.000314
1500 0.000424
2000 0.000582
2500 0.000805
3000 0.001118
3500 0.001552
4000 0.002141
4500 0.002907
5000 0.003841
5500 0.004858
6000 0.005821
6500 0.006760
7000 0.007673
7500 0.008749
8000 0.009592
8500 0.009094
9000 0.008628
9500 0.009961
10000 0.011199
10500 0.010021
11000 0.008314
11500 0.008091
12000 0.010374
12500 0.011716
13000 0.010040
13500 0.008010
14000 0.007329
14500 0.009401
15000 0.011864
15500 0.010854
16000 0.008513
16500 0.006717
17000 0.006235
17500 0.008470
18000 0.011811
18500 0.011428
19000 0.009070
19500 0.007282
20000 0.007342
20500 0.010255
21000 0.012069
21500 0.010397
22000 0.008118
22500 0.006896
23000 0.008084
23500 0.011368
24000 0.011736
24500 0.009531
25000 0.007619
25500 0.007489
26000 0.010218
26500 0.012044
27000 0.010439
27500 0.008197
28000 0.007149
28500 0.008739
29000 0.011738
29500 0.011402
30000 0.009108
30500 0.007449
31000 0.007913
31500 0.010946
32000 0.011894
32500 0.009890
33000 0.007835
33500 0.007345
34000 0.009728
34500 0.012029
35000 0.010780
35500 0.008495
36000 0.007290
36500 0.008647
37000 0.011650
37500 0.011479
38000 0.009207
38500 0.007481
39000 0.007785
39500 0.010768
40000 0.011951
40500 0.010036
41000 0.007941
41500 0.007363
42000 0.009647
42500 0.012014
43000 0.010838
43500 0.008544
44000 0.007285
44500 0.008544
45000 0.011584
45500 0.011540
46000 0.009287
46500 0.007523
47000 0.007751
47500 0.010695
48000 0.011969
48500 0.010092
49000 0.007976
49500 0.007339
50000 0.009552
50500 0.011999
51000 0.010901
51500 0.008601
52000 0.007299
52500 0.008480
53000 0.011536
53500 0.011579
54000 0.009340
54500 0.007547
55000 0.007706
55500 0.010616
56000 0.011986
56500 0.010153
57000 0.008018
57500 0.007327
58000 0.009472
58500 0.011983
59000 0.010954
59500 0.008649
60000 0.007307
60500 0.008411
61000 0.011483
61500 0.011620
62000 0.009398
62500 0.007575
63000 0.007667
63500 0.010540
64000 0.012000
64500 0.010210
65000 0.008057
65500 0.007314
66000 0.009389
66500 0.011964
67000 0.011008
67500 0.008699
68000 0.007318
68500 0.008346
69000 0.011429
69500 0.011658
70000 0.009454
70500 0.007602
71000 0.007628
71500 0.010460
72000 0.012013
72500 0.010270
73000 0.008099
73500 0.007303
74000 0.009308
74500 0.011943
75000 0.011061
75500 0.008750
76000 0.007329
76500 0.008281
77000 0.011371
77500 0.011695
78000 0.009512
78500 0.007632
79000 0.007592
79500 0.010380
80000 0.012023
80500 0.010329
81000 0.008141
81500 0.007293
82000 0.009225
82500 0.011918
83000 0.011114
83500 0.008802
84000 0.007343
84500 0.008219
85000 0.011312
85500 0.011731
86000 0.009570
86500 0.007663
87000 0.007556
87500 0.010296
88000 0.012031
88500 0.010389
89000 0.008185
89500 0.007287
90000 0.009144
90500 0.011891
91000 0.011166
91500 0.008855
92000 0.007358
92500 0.008156
93000 0.011247
93500 0.011765
94000 0.009630
94500 0.007695
95000 0.007524
95500 0.010212
96000 0.012038
96500 0.010449
97000 0.008229
97500 0.007280
98000 0.009060
98500 0.011860
99000 0.011219
99500 0.008910
100000 0.007375
100500 0.008096
101000 0.011182
101500 0.011798
102000 0.009689
102500 0.007728
103000 0.007492
103500 0.010125
104000 0.012041
104500 0.010511
105000 0.008276
105500 0.007277
106000 0.008979
106500 0.011827
107000 0.011271
107500 0.008965
108000 0.007393
108500 0.008036
109000 0.011111
109500 0.011830
110000 0.009752
110500 0.007764
111000 0.007463
111500 0.010038
112000 0.012042
112500 0.010572
113000 0.008323
113500 0.007274
114000 0.008896
114500 0.011789
115000 0.011323
115500 0.009023
116000 0.007414
116500 0.007979
117000 0.011040
117500 0.011860
118000 0.009813
118500 0.007800
119000 0.007434
119500 0.009947
120000 0.012040
120500 0.010635
121000 0.008374
121500 0.007275
122000 0.008815
122500 0.011748
123000 0.011373
123500 0.009081
124000 0.007435
124500 0.007921
125000 0.010963
