1000 0.040093
1500 0.049355
2000 0.045527
2500 0.062099
3000 0.056833
3500 0.054910
4000 0.065287
4500 0.058365
5000 0.045133
5500 0.051568
6000 0.057152
6500 0.049908
7000 0.048215
7500 0.044228
8000 0.053456
8500 0.057393
9000 0.051747
9500 0.058708
10000 0.061262
10500 0.068001
11000 0.062076
11500 0.064773
12000 0.056849
12500 0.043631
13000 0.045331
13500 0.049239
14000 0.054448
14500 0.055433
15000 0.053453
15500 0.064129
16000 0.059756
16500 0.054810
17000 0.058434
17500 0.058164
18000 0.058666
18500 0.054331
19000 0.060518
19500 0.059398
20000 0.046226
20500 0.048889
21000 0.050168
21500 0.057236
22000 0.053218
22500 0.064455
23000 0.063852
23500 0.056054
24000 0.050818
24500 0.051698
25000 0.057750
25500 0.062016
26000 0.066997
26500 0.058806
27000 0.059925
27500 0.060422
28000 0.052305
28500 0.062334
29000 0.065973
29500 0.070680
30000 0.061532
30500 0.056619
31000 0.059636
31500 0.056066
32000 0.053239
32500 0.047471
33000 0.053203
33500 0.047114
34000 0.056521
34500 0.051058
35000 0.060675
35500 0.052986
36000 0.061719
36500 0.060398
37000 0.061844
37500 0.060758
38000 0.062081
38500 0.071399
39000 0.063177
39500 0.063924
40000 0.064642
40500 0.065275
41000 0.061281
41500 0.053910
42000 0.061439
42500 0.054111
43000 0.070927
43500 0.076309
44000 0.060846
44500 0.064339
45000 0.050750
45500 0.053927
46000 0.057963
46500 0.051351
47000 0.046726
47500 0.049503
48000 0.051819
48500 0.059458
49000 0.052534
49500 0.059445
50000 0.049791
50500 0.063285
51000 0.065735
51500 0.068129
52000 0.065380
52500 0.054090
53000 0.054162
53500 0.066037
54000 0.061077
54500 0.061022
55000 0.047555
55500 0.043488
56000 0.045145
56500 0.053967
57000 0.055330
57500 0.051517
58000 0.045642
58500 0.056652
59000 0.062327
59500 0.062591
60000 0.057814
60500 0.067010
61000 0.067931
61500 0.060827
62000 0.066225
62500 0.052946
63000 0.064844
63500 0.063152
64000 0.061467
64500 0.055684
65000 0.055919
65500 0.061699
66000 0.077067
66500 0.073217
67000 0.061885
67500 0.066693
68000 0.064412
68500 0.054961
69000 0.044244
69500 0.045228
70000 0.042316
70500 0.048686
71000 0.061431
71500 0.053742
72000 0.056755
72500 0.056056
73000 0.038722
73500 0.044236
74000 0.045817
74500 0.048827
75000 0.050191
75500 0.046983
76000 0.046914
76500 0.043343
77000 0.046867
77500 0.044973
78000 0.044153
78500 0.051676
79000 0.062952
79500 0.053102
80000 0.057240
80500 0.054579
81000 0.050034
81500 0.056275
82000 0.046231
82500 0.057861
83000 0.067932
83500 0.074004
84000 0.063600
84500 0.058381
85000 0.061963
85500 0.062657
86000 0.060301
86500 0.060530
87000 0.051882
87500 0.049502
88000 0.054877
88500 0.056943
89000 0.055749
89500 0.053519
90000 0.051902
90500 0.055975
91000 0.054800
91500 0.057284
92000 0.059951
92500 0.059052
93000 0.046879
93500 0.056990
94000 0.060570
94500 0.066328
95000 0.061653
95500 0.062986
96000 0.059951
96500 0.053990
97000 0.049795
97500 0.054994
98000 0.053309
98500 0.060388
99000 0.055646
99500 0.048336
100000 0.043761
100500 0.063109
101000 0.054805
101500 0.050598
102000 0.057036
102500 0.060527
103000 0.066991
103500 0.069574
104000 0.061078
104500 0.059325
105000 0.061136
105500 0.051222
106000 0.039747
106500 0.060291
107000 0.056225
107500 0.065199
108000 0.046000
108500 0.047745
109000 0.048252
109500 0.054671
110000 0.054688
110500 0.042398
111000 0.047333
111500 0.046974
112000 0.050313
112500 0.053000
113000 0.055977
113500 0.069832
114000 0.060109
114500 0.054442
115000 0.066617
115500 0.056334
116000 0.059230
116500 0.068023
117000 0.069588
117500 0.065894
118000 0.066360
118500 0.063978
119000 0.066992
119500 0.058163
120000 0.056558
120500 0.059834
121000 0.063282
121500 0.056096
122000 0.051729
122500 0.058873
123000 0.060549
123500 0.060508
124000 0.060595
124500 0.054502
125000 0.047376
