1000 0.007722
1500 0.015959
2000 0.032310
2500 0.032729
3000 0.035937
3500 0.039277
4000 0.034684
4500 0.034320
5000 0.034296
5500 0.032093
6000 0.033056
6500 0.034528
7000 0.035205
7500 0.041806
8000 0.039322
8500 0.040311
9000 0.035627
9500 0.033435
10000 0.032321
10500 0.034539
11000 0.038524
11500 0.031643
12000 0.029292
12500 0.027206
13000 0.032628
13500 0.030949
14000 0.026799
14500 0.030794
15000 0.033022
15500 0.034963
16000 0.029045
16500 0.028549
17000 0.030647
17500 0.032609
18000 0.037812
18500 0.036424
19000 0.032056
19500 0.037457
20000 0.036091
20500 0.038435
21000 0.033381
21500 0.039488
22000 0.031120
22500 0.037333
23000 0.032299
23500 0.034708
24000 0.033145
24500 0.033567
25000 0.034325
25500 0.027990
26000 0.029333
26500 0.028310
27000 0.029149
27500 0.035686
28000 0.036826
28500 0.035191
29000 0.036237
29500 0.037332
30000 0.035216
30500 0.032566
31000 0.034977
31500 0.040672
32000 0.042071
32500 0.031631
33000 0.033881
33500 0.030031
34000 0.032720
34500 0.032698
35000 0.036268
35500 0.039346
36000 0.040553
36500 0.038682
37000 0.036200
37500 0.038153
38000 0.041228
38500 0.038524
39000 0.036727
39500 0.039181
40000 0.039355
40500 0.039476
41000 0.036720
41500 0.034415
42000 0.038329
42500 0.035591
43000 0.036212
43500 0.040549
44000 0.037349
44500 0.037952
45000 0.039654
45500 0.038069
46000 0.039612
46500 0.039680
47000 0.039125
47500 0.040426
48000 0.037167
48500 0.038946
49000 0.039172
49500 0.037454
50000 0.032059
50500 0.037501
51000 0.032047
51500 0.032669
52000 0.029648
52500 0.035117
53000 0.033446
53500 0.035048
54000 0.037163
54500 0.032842
55000 0.037988
55500 0.042127
56000 0.043193
56500 0.037744
57000 0.034745
57500 0.037571
58000 0.037464
58500 0.038460
59000 0.041185
59500 0.038212
60000 0.038053
60500 0.039836
61000 0.029033
61500 0.030834
62000 0.032952
62500 0.034153
63000 0.029818
63500 0.033272
64000 0.032479
64500 0.026772
65000 0.029982
65500 0.038416
66000 0.039799
66500 0.035630
67000 0.037952
67500 0.039447
68000 0.041227
68500 0.034531
69000 0.037462
69500 0.038493
70000 0.038388
70500 0.040840
71000 0.037273
71500 0.034074
72000 0.032546
72500 0.030837
73000 0.032793
73500 0.037124
74000 0.036024
74500 0.035165
75000 0.039180
75500 0.032746
76000 0.034110
76500 0.029312
77000 0.033720
77500 0.038771
78000 0.030401
78500 0.029962
79000 0.029463
79500 0.033040
80000 0.032839
80500 0.035140
81000 0.031624
81500 0.028618
82000 0.024446
82500 0.030110
83000 0.032868
83500 0.039186
84000 0.031465
84500 0.033328
85000 0.029954
85500 0.029281
86000 0.039164
86500 0.033114
87000 0.032122
87500 0.037597
88000 0.040469
88500 0.034380
89000 0.037691
89500 0.034536
90000 0.029628
90500 0.031695
91000 0.028134
91500 0.035147
92000 0.037713
92500 0.043110
93000 0.038655
93500 0.037460
94000 0.030247
94500 0.036829
95000 0.033805
95500 0.026237
96000 0.031178
96500 0.028449
97000 0.028575
97500 0.025271
98000 0.026229
98500 0.027807
99000 0.033592
99500 0.030253
100000 0.027633
100500 0.033344
101000 0.036751
101500 0.036434
102000 0.034092
102500 0.038949
103000 0.036805
103500 0.038128
104000 0.031103
104500 0.031443
105000 0.034087
105500 0.032945
106000 0.035272
106500 0.033001
107000 0.038546
107500 0.034984
108000 0.034705
108500 0.035481
109000 0.034515
109500 0.035002
110000 0.034054
110500 0.036375
111000 0.036900
111500 0.028236
112000 0.034049
112500 0.028662
113000 0.031663
113500 0.025438
114000 0.026262
114500 0.028797
115000 0.030544
115500 0.032875
116000 0.036217
116500 0.032746
117000 0.032204
117500 0.030259
118000 0.030495
118500 0.030680
119000 0.030028
119500 0.028939
120000 0.029707
120500 0.035398
121000 0.035764
121500 0.030654
122000 0.034792
122500 0.034374
123000 0.027485
123500 0.029395
124000 0.032863
124500 0.041260
125000 0.030689
