1000 0.009744
1500 0.021125
2000 0.035909
2500 0.036446
3000 0.042568
3500 0.036674
4000 0.036559
4500 0.038085
5000 0.039186
5500 0.037856
6000 0.033558
6500 0.040156
7000 0.040087
7500 0.032181
8000 0.041085
8500 0.037027
9000 0.027227
9500 0.028407
10000 0.037204
10500 0.039411
11000 0.040173
11500 0.040812
12000 0.038549
12500 0.037416
13000 0.034221
13500 0.035362
14000 0.027472
14500 0.037256
15000 0.030066
15500 0.027277
16000 0.028631
16500 0.028046
17000 0.028943
17500 0.030287
18000 0.032655
18500 0.033537
19000 0.028927
19500 0.035260
20000 0.029439
20500 0.037809
21000 0.038858
21500 0.035794
22000 0.033473
22500 0.032492
23000 0.025111
23500 0.029883
24000 0.041020
24500 0.034325
25000 0.031682
25500 0.039262
26000 0.040292
26500 0.035090
27000 0.028207
27500 0.033682
28000 0.031022
28500 0.030210
29000 0.041706
29500 0.035564
30000 0.039391
30500 0.042475
31000 0.036075
31500 0.029435
32000 0.035980
32500 0.042680
33000 0.041625
33500 0.038657
34000 0.037396
34500 0.040063
35000 0.041382
35500 0.040911
36000 0.038097
36500 0.034944
37000 0.038338
37500 0.045598
38000 0.035372
38500 0.029751
39000 0.029022
39500 0.031388
40000 0.034533
40500 0.032631
41000 0.032235
41500 0.030589
42000 0.035790
42500 0.032180
43000 0.035407
43500 0.036048
44000 0.031915
44500 0.038200
45000 0.034127
45500 0.035164
46000 0.038490
46500 0.030285
47000 0.039615
47500 0.042610
48000 0.040496
48500 0.036788
49000 0.041527
49500 0.042097
50000 0.037329
50500 0.040519
51000 0.038071
51500 0.041393
52000 0.035087
52500 0.036898
53000 0.039770
53500 0.041210
54000 0.042794
54500 0.044025
55000 0.045134
55500 0.041225
56000 0.041815
56500 0.041939
57000 0.042322
57500 0.039784
58000 0.041522
58500 0.036544
59000 0.037123
59500 0.043303
60000 0.041041
60500 0.032216
61000 0.039304
61500 0.034256
62000 0.033645
62500 0.040422
63000 0.042373
63500 0.041571
64000 0.030973
64500 0.029795
65000 0.033876
65500 0.039029
66000 0.044006
66500 0.035976
67000 0.034938
67500 0.038548
68000 0.032320
68500 0.042370
69000 0.034955
69500 0.038635
70000 0.042079
70500 0.040574
71000 0.038218
71500 0.036983
72000 0.042257
72500 0.038977
73000 0.040440
73500 0.045180
74000 0.041702
74500 0.037314
75000 0.042080
75500 0.039329
76000 0.041886
76500 0.035209
77000 0.032285
77500 0.037320
78000 0.033912
78500 0.036177
79000 0.039322
79500 0.037581
80000 0.035007
80500 0.035816
81000 0.037429
81500 0.037115
82000 0.040196
82500 0.044754
83000 0.038505
83500 0.039175
84000 0.040623
84500 0.032139
85000 0.038218
85500 0.038540
86000 0.037939
86500 0.039842
87000 0.039675
87500 0.034261
88000 0.040184
88500 0.037160
89000 0.033963
89500 0.037187
90000 0.038949
90500 0.040481
91000 0.035804
91500 0.029275
92000 0.031355
92500 0.037508
93000 0.029547
93500 0.040239
94000 0.039721
94500 0.033965
95000 0.043344
95500 0.041237
96000 0.041973
96500 0.042481
97000 0.037648
97500 0.039424
98000 0.042505
98500 0.038008
99000 0.042482
99500 0.042288
100000 0.039187
100500 0.040790
101000 0.038248
101500 0.037955
102000 0.033381
102500 0.038291
103000 0.034331
103500 0.037961
104000 0.030872
104500 0.038295
105000 0.036663
105500 0.035753
106000 0.038417
106500 0.032907
107000 0.035946
107500 0.040047
108000 0.030010
108500 0.031731
109000 0.031834
109500 0.032717
110000 0.036388
110500 0.038238
111000 0.038422
111500 0.042878
112000 0.038860
112500 0.037455
113000 0.038017
113500 0.038220
114000 0.040292
114500 0.040639
115000 0.038765
115500 0.042141
116000 0.042370
116500 0.035546
117000 0.030274
117500 0.034295
118000 0.039478
118500 0.041921
119000 0.040833
119500 0.038254
120000 0.040089
120500 0.041200
121000 0.041343
121500 0.037013
122000 0.044306
122500 0.042376
123000 0.033280
123500 0.038000
124000 0.035786
124500 0.040144
125000 0.031691
