1000 0.000611
1500 0.000966
2000 0.001553
2500 0.002494
3000 0.003914
3500 0.005819
4000 0.007955
4500 0.009858
5000 0.012193
5500 0.014539
6000 0.013628
6500 0.015205
7000 0.015360
7500 0.011912
8000 0.013377
8500 0.016540
9000 0.013777
9500 0.014195
10000 0.016871
10500 0.013187
11000 0.011956
11500 0.017229
12000 0.015248
12500 0.011978
13000 0.016029
13500 0.016339
14000 0.012007
14500 0.013457
15000 0.017511
15500 0.013791
16000 0.013251
16500 0.017456
17000 0.014230
17500 0.012748
18000 0.017313
18500 0.014822
19000 0.012506
19500 0.017037
20000 0.015351
20500 0.012287
21000 0.016508
21500 0.015993
22000 0.012341
22500 0.015862
23000 0.016530
23500 0.012509
24000 0.015102
24500 0.016989
25000 0.012837
25500 0.014349
26000 0.017306
26500 0.013262
27000 0.013644
27500 0.017469
28000 0.013782
28500 0.013058
29000 0.017457
29500 0.014367
30000 0.012631
30500 0.017252
31000 0.014985
31500 0.012373
32000 0.016851
32500 0.015613
33000 0.012299
33500 0.016281
34000 0.016200
34500 0.012382
35000 0.015577
35500 0.016720
36000 0.012623
36500 0.014822
37000 0.017122
37500 0.012981
38000 0.014070
38500 0.017389
39000 0.013452
39500 0.013411
40000 0.017486
40500 0.013993
41000 0.012874
41500 0.017403
42000 0.014600
42500 0.012515
43000 0.017124
43500 0.015220
44000 0.012322
44500 0.016653
45000 0.015842
45500 0.012314
46000 0.016030
46500 0.016405
47000 0.012454
47500 0.015294
48000 0.016887
48500 0.012746
49000 0.014536
49500 0.017238
50000 0.013145
50500 0.013806
51000 0.017447
51500 0.013650
52000 0.013193
52500 0.017477
53000 0.014215
53500 0.012716
54000 0.017320
54500 0.014834
55000 0.012424
55500 0.016969
56000 0.015456
56500 0.012297
57000 0.016433
57500 0.016064
58000 0.012351
58500 0.015764
59000 0.016598
59500 0.012547
60000 0.015006
60500 0.017036
61000 0.012886
61500 0.014255
62000 0.017334
62500 0.013323
63000 0.013558
63500 0.017480
64000 0.013858
64500 0.012997
65000 0.017441
65500 0.014442
66000 0.012583
66500 0.017210
67000 0.015070
67500 0.012358
68000 0.016789
68500 0.015688
69000 0.012296
69500 0.016193
70000 0.016276
70500 0.012410
71000 0.015486
71500 0.016776
72000 0.012658
72500 0.014717
73000 0.017167
73500 0.013041
74000 0.013984
74500 0.017408
75000 0.013513
75500 0.013327
76000 0.017487
76500 0.014074
77000 0.012823
77500 0.017378
78000 0.014675
78500 0.012475
79000 0.017072
79500 0.015307
80000 0.012316
80500 0.016583
81000 0.015914
81500 0.012319
82000 0.015935
82500 0.016477
83000 0.012489
83500 0.015201
84000 0.016938
84500 0.012787
85000 0.014432
85500 0.017278
86000 0.013210
86500 0.013725
87000 0.017458
87500 0.013715
88000 0.013117
88500 0.017469
89000 0.014298
89500 0.012674
90000 0.017286
90500 0.014910
91000 0.012392
91500 0.016907
92000 0.015541
92500 0.012300
93000 0.016356
93500 0.016133
94000 0.012363
94500 0.015664
95000 0.016665
95500 0.012589
96000 0.014912
96500 0.017081
97000 0.012932
97500 0.014154
98000 0.017366
98500 0.013393
99000 0.013483
99500 0.017483
100000 0.013926
100500 0.012928
101000 0.017423
101500 0.014527
102000 0.012549
102500 0.017167
103000 0.015147
103500 0.012335
104000 0.016717
104500 0.015772
105000 0.012307
105500 0.016110
106000 0.016343
106500 0.012430
107000 0.015382
107500 0.016837
108000 0.012706
108500 0.014625
109000 0.017204
109500 0.013092
110000 0.013886
110500 0.017431
111000 0.013587
111500 0.013259
112000 0.017483
112500 0.014145
113000 0.012763
113500 0.017349
114000 0.014761
114500 0.012450
115000 0.017020
115500 0.015383
116000 0.012302
116500 0.016504
117000 0.015996
117500 0.012337
118000 0.015848
118500 0.016540
119000 0.012516
119500 0.015095
120000 0.016992
120500 0.012841
121000 0.014341
121500 0.017307
122000 0.013267
122500 0.013633
123000 0.017472
123500 0.013792
124000 0.013055
124500 0.017455
125000 0.014371
