1000 0.000253
1500 0.000308
2000 0.000379
2500 0.000468
3000 0.000579
3500 0.000715
4000 0.000880
4500 0.001077
5000 0.001305
5500 0.001558
6000 0.001820
6500 0.002067
7000 0.002278
7500 0.002441
8000 0.002561
8500 0.002662
9000 0.002765
9500 0.002867
10000 0.002931
10500 0.002912
11000 0.002802
11500 0.002639
12000 0.002510
12500 0.002559
13000 0.002944
13500 0.003574
14000 0.003951
14500 0.003818
15000 0.003381
15500 0.002906
16000 0.002571
16500 0.002583
17000 0.003178
17500 0.004065
18000 0.004371
18500 0.003991
19000 0.003384
19500 0.002828
20000 0.002469
20500 0.002517
21000 0.003215
21500 0.004176
22000 0.004442
22500 0.004004
23000 0.003367
23500 0.002800
24000 0.002442
24500 0.002503
25000 0.003226
25500 0.004202
26000 0.004458
26500 0.004006
27000 0.003363
27500 0.002793
28000 0.002435
28500 0.002499
29000 0.003228
29500 0.004206
30000 0.004458
30500 0.004004
31000 0.003361
31500 0.002791
32000 0.002434
32500 0.002498
33000 0.003228
33500 0.004208
34000 0.004462
34500 0.004006
35000 0.003362
35500 0.002792
36000 0.002433
36500 0.002497
37000 0.003226
37500 0.004206
38000 0.004459
38500 0.004006
39000 0.003362
39500 0.002792
40000 0.002434
40500 0.002497
41000 0.003225
41500 0.004206
42000 0.004462
42500 0.004008
43000 0.003364
43500 0.002793
44000 0.002434
44500 0.002496
45000 0.003222
45500 0.004203
46000 0.004460
46500 0.004008
47000 0.003364
47500 0.002794
48000 0.002434
48500 0.002495
49000 0.003221
49500 0.004203
50000 0.004463
50500 0.004011
51000 0.003366
51500 0.002795
52000 0.002434
52500 0.002494
53000 0.003218
53500 0.004200
54000 0.004461
54500 0.004010
55000 0.003367
55500 0.002796
56000 0.002435
56500 0.002494
57000 0.003217
57500 0.004200
58000 0.004464
58500 0.004013
59000 0.003369
59500 0.002797
60000 0.002435
60500 0.002493
61000 0.003214
61500 0.004197
62000 0.004462
62500 0.004013
63000 0.003369
63500 0.002798
64000 0.002436
64500 0.002492
65000 0.003213
65500 0.004197
66000 0.004465
66500 0.004016
67000 0.003371
67500 0.002799
68000 0.002436
68500 0.002491
69000 0.003210
69500 0.004194
70000 0.004462
70500 0.004015
71000 0.003372
71500 0.002800
72000 0.002437
72500 0.002491
73000 0.003208
73500 0.004194
74000 0.004466
74500 0.004018
75000 0.003374
75500 0.002801
76000 0.002437
76500 0.002489
77000 0.003206
77500 0.004191
78000 0.004463
78500 0.004018
79000 0.003375
79500 0.002802
80000 0.002437
80500 0.002489
81000 0.003204
81500 0.004191
82000 0.004466
82500 0.004021
83000 0.003376
83500 0.002803
84000 0.002438
84500 0.002488
85000 0.003202
85500 0.004188
86000 0.004464
86500 0.004021
87000 0.003377
87500 0.002804
88000 0.002438
88500 0.002488
89000 0.003200
89500 0.004188
90000 0.004467
90500 0.004023
91000 0.003379
91500 0.002805
92000 0.002439
92500 0.002486
93000 0.003197
93500 0.004185
94000 0.004465
94500 0.004023
95000 0.003380
95500 0.002806
96000 0.002439
96500 0.002486
97000 0.003196
97500 0.004184
98000 0.004468
98500 0.004026
99000 0.003382
99500 0.002807
100000 0.002439
100500 0.002485
101000 0.003193
101500 0.004182
102000 0.004465
102500 0.004026
103000 0.003383
103500 0.002808
104000 0.002440
104500 0.002485
105000 0.003191
105500 0.004181
106000 0.004469
106500 0.004029
107000 0.003385
107500 0.002809
108000 0.002440
108500 0.002483
109000 0.003189
109500 0.004179
110000 0.004466
110500 0.004028
111000 0.003385
111500 0.002810
112000 0.002441
112500 0.002483
113000 0.003187
113500 0.004178
114000 0.004469
114500 0.004031
115000 0.003387
115500 0.002811
116000 0.002441
116500 0.002482
117000 0.003184
117500 0.004175
118000 0.004467
118500 0.004031
119000 0.003388
119500 0.002812
120000 0.002442
120500 0.002481
121000 0.003183
121500 0.004175
122000 0.004470
122500 0.004034
123000 0.003390
123500 0.002814
124000 0.002442
124500 0.002480
125000 0.003180
125500 0.004172
126000 0.004468
126500 0.004034
127000 0.003391
127500 0.002815
128000 0.002443
128500 0.002480
129000 0.003178
129500 0.004171
130000 0.004471
130500 0.004036
131000 0.003393
131500 0.002816
132000 0.002443
132500 0.002479
133000 0.003176
133500 0.004169
134000 0.004468
134500 0.004036
135000 0.003394
135500 0.002817
136000 0.002444
136500 0.002478
137000 0.003174
137500 0.004168
138000 0.004471
138500 0.004039
139000 0.003396
139500 0.002818
140000 0.002444
140500 0.002477
141000 0.003171
141500 0.004166
142000 0.004469
142500 0.004039
143000 0.003396
143500 0.002819
144000 0.002445
144500 0.002477
145000 0.003170
145500 0.004165
146000 0.004472
146500 0.004042
147000 0.003398
147500 0.002820
148000 0.002445
148500 0.002476
149000 0.003167
149500 0.004162
150000 0.004470
150500 0.004042
151000 0.003399
151500 0.002821
152000 0.002446
152500 0.002475
153000 0.003165
153500 0.004161
154000 0.004473
154500 0.004045
155000 0.003401
155500 0.002822
156000 0.002446
156500 0.002474
157000 0.003162
157500 0.004159
158000 0.004470
158500 0.004045
159000 0.003402
159500 0.002823
160000 0.002447
160500 0.002474
161000 0.003161
161500 0.004158
162000 0.004473
162500 0.004047
163000 0.003404
163500 0.002825
164000 0.002447
164500 0.002473
165000 0.003158
165500 0.004155
166000 0.004471
166500 0.004047
167000 0.003405
167500 0.002826
168000 0.002448
168500 0.002472
169000 0.003156
169500 0.004154
170000 0.004474
170500 0.004050
171000 0.003407
171500 0.002827
172000 0.002448
172500 0.002472
173000 0.003153
173500 0.004152
174000 0.004472
174500 0.004050
175000 0.003408
175500 0.002828
176000 0.002449
176500 0.002471
177000 0.003152
177500 0.004151
178000 0.004475
178500 0.004053
179000 0.003410
179500 0.002829
180000 0.002449
180500 0.002470
181000 0.003149
181500 0.004148
182000 0.004473
182500 0.004053
183000 0.003411
183500 0.002830
184000 0.002450
184500 0.002470
185000 0.003147
185500 0.004147
186000 0.004475
186500 0.004056
187000 0.003413
187500 0.002831
188000 0.002450
188500 0.002469
189000 0.003144
189500 0.004144
190000 0.004473
190500 0.004056
191000 0.003414
191500 0.002832
192000 0.002451
192500 0.002468
193000 0.003143
193500 0.004143
194000 0.004476
194500 0.004058
195000 0.003416
195500 0.002834
196000 0.002451
196500 0.002467
197000 0.003140
197500 0.004141
198000 0.004474
198500 0.004058
199000 0.003417
199500 0.002835
200000 0.002452
200500 0.002467
201000 0.003138
201500 0.004140
202000 0.004476
202500 0.004061
203000 0.003419
203500 0.002836
204000 0.002452
204500 0.002466
205000 0.003135
205500 0.004137
206000 0.004474
206500 0.004061
207000 0.003420
207500 0.002837
208000 0.002453
208500 0.002465
209000 0.003133
209500 0.004136
210000 0.004477
210500 0.004064
211000 0.003422
211500 0.002838
212000 0.002453
212500 0.002464
213000 0.003131
213500 0.004133
214000 0.004475
214500 0.004064
215000 0.003423
215500 0.002840
216000 0.002454
216500 0.002464
217000 0.003129
217500 0.004132
218000 0.004478
218500 0.004067
219000 0.003425
219500 0.002841
220000 0.002454
220500 0.002463
221000 0.003126
221500 0.004129
222000 0.004476
222500 0.004067
223000 0.003426
223500 0.002842
224000 0.002455
224500 0.002462
225000 0.003124
225500 0.004128
226000 0.004478
226500 0.004070
227000 0.003428
227500 0.002843
228000 0.002455
228500 0.002461
229000 0.003121
229500 0.004126
230000 0.004476
230500 0.004070
231000 0.003429
231500 0.002844
232000 0.002456
232500 0.002461
233000 0.003120
233500 0.004124
234000 0.004479
234500 0.004072
235000 0.003431
235500 0.002846
236000 0.002457
236500 0.002460
237000 0.003117
237500 0.004122
238000 0.004477
238500 0.004073
239000 0.003432
239500 0.002847
240000 0.002457
240500 0.002459
241000 0.003115
241500 0.004120
242000 0.004479
242500 0.004075
243000 0.003434
243500 0.002848
244000 0.002458
244500 0.002458
245000 0.003112
245500 0.004118
246000 0.004477
246500 0.004076
247000 0.003435
247500 0.002849
248000 0.002458
248500 0.002458
249000 0.003110
249500 0.004117
250000 0.004480
250500 0.004078
251000 0.003437
251500 0.002851
252000 0.002459
252500 0.002457
253000 0.003107
253500 0.004114
254000 0.004478
254500 0.004078
255000 0.003438
255500 0.002852
256000 0.002459
256500 0.002456
257000 0.003105
257500 0.004113
258000 0.004480
258500 0.004081
259000 0.003440
259500 0.002853
260000 0.002460
260500 0.002456
261000 0.003103
261500 0.004110
262000 0.004478
262500 0.004081
263000 0.003441
263500 0.002854
264000 0.002461
264500 0.002455
265000 0.003101
265500 0.004109
266000 0.004481
266500 0.004084
267000 0.003443
267500 0.002856
268000 0.002461
268500 0.002454
269000 0.003098
269500 0.004106
270000 0.004479
270500 0.004084
271000 0.003444
271500 0.002857
272000 0.002462
