1000 0.000529
1500 0.000775
2000 0.001146
2500 0.001679
3000 0.002390
3500 0.003193
4000 0.003874
4500 0.004277
5000 0.004499
5500 0.004668
6000 0.004630
6500 0.004303
7000 0.004251
7500 0.005580
8000 0.006635
8500 0.005684
9000 0.004749
9500 0.005661
10000 0.007057
10500 0.005998
11000 0.004660
11500 0.004701
12000 0.006833
12500 0.006770
13000 0.005209
13500 0.004237
14000 0.005347
14500 0.007254
15000 0.006233
15500 0.004714
16000 0.004224
16500 0.006162
17000 0.007186
17500 0.005722
18000 0.004383
18500 0.004510
19000 0.006848
19500 0.006862
20000 0.005258
20500 0.004186
21000 0.005066
21500 0.007227
22000 0.006421
22500 0.004847
23000 0.004151
23500 0.005809
24000 0.007271
24500 0.005943
25000 0.004507
25500 0.004329
26000 0.006554
26500 0.007041
27000 0.005474
27500 0.004260
28000 0.004761
28500 0.007086
29000 0.006647
29500 0.005041
30000 0.004144
30500 0.005427
31000 0.007289
31500 0.006180
32000 0.004665
32500 0.004210
33000 0.006199
33500 0.007183
34000 0.005703
34500 0.004368
35000 0.004514
35500 0.006860
36000 0.006856
36500 0.005250
37000 0.004182
37500 0.005072
38000 0.007231
38500 0.006416
39000 0.004843
39500 0.004151
40000 0.005815
40500 0.007270
41000 0.005939
41500 0.004504
42000 0.004331
42500 0.006559
43000 0.007039
43500 0.005470
44000 0.004258
44500 0.004764
45000 0.007089
45500 0.006643
46000 0.005038
46500 0.004144
47000 0.005432
47500 0.007290
48000 0.006177
48500 0.004663
49000 0.004212
49500 0.006204
50000 0.007181
50500 0.005700
51000 0.004367
51500 0.004516
52000 0.006863
52500 0.006854
53000 0.005247
53500 0.004181
54000 0.005076
54500 0.007232
55000 0.006413
55500 0.004841
56000 0.004151
56500 0.005820
57000 0.007270
57500 0.005936
58000 0.004502
58500 0.004333
59000 0.006563
59500 0.007037
60000 0.005468
60500 0.004257
61000 0.004768
61500 0.007091
62000 0.006641
62500 0.005036
63000 0.004143
63500 0.005437
64000 0.007290
64500 0.006174
65000 0.004661
65500 0.004213
66000 0.006208
66500 0.007180
67000 0.005697
67500 0.004365
68000 0.004519
68500 0.006866
69000 0.006852
69500 0.005245
70000 0.004181
70500 0.005080
71000 0.007233
71500 0.006410
72000 0.004839
72500 0.004152
73000 0.005824
73500 0.007269
74000 0.005933
74500 0.004501
75000 0.004334
75500 0.006567
76000 0.007035
76500 0.005465
77000 0.004256
77500 0.004771
78000 0.007093
78500 0.006638
79000 0.005033
79500 0.004143
80000 0.005441
80500 0.007291
81000 0.006171
81500 0.004659
82000 0.004214
82500 0.006212
83000 0.007179
83500 0.005695
84000 0.004364
84500 0.004521
85000 0.006869
85500 0.006850
86000 0.005242
86500 0.004180
87000 0.005084
87500 0.007234
88000 0.006408
88500 0.004837
89000 0.004152
89500 0.005829
90000 0.007269
90500 0.005931
91000 0.004499
91500 0.004336
92000 0.006571
92500 0.007033
93000 0.005463
93500 0.004255
94000 0.004774
94500 0.007095
95000 0.006636
95500 0.005031
96000 0.004143
96500 0.005445
97000 0.007291
97500 0.006169
98000 0.004657
98500 0.004215
99000 0.006216
99500 0.007178
100000 0.005692
100500 0.004363
101000 0.004524
101500 0.006872
102000 0.006847
102500 0.005240
103000 0.004179
103500 0.005088
104000 0.007235
104500 0.006406
105000 0.004835
105500 0.004152
106000 0.005833
106500 0.007268
107000 0.005928
107500 0.004497
108000 0.004338
108500 0.006574
109000 0.007032
109500 0.005460
110000 0.004254
110500 0.004777
111000 0.007097
111500 0.006634
112000 0.005029
112500 0.004143
113000 0.005449
113500 0.007291
114000 0.006167
114500 0.004655
115000 0.004216
115500 0.006220
116000 0.007176
116500 0.005690
117000 0.004361
117500 0.004526
118000 0.006875
118500 0.006846
119000 0.005238
119500 0.004179
120000 0.005091
120500 0.007236
121000 0.006403
121500 0.004833
122000 0.004153
122500 0.005836
123000 0.007268
123500 0.005926
124000 0.004496
124500 0.004339
125000 0.006578
125500 0.007030
126000 0.005458
126500 0.004253
127000 0.004780
127500 0.007099
128000 0.006632
128500 0.005027
129000 0.004143
129500 0.005452
130000 0.007291
130500 0.006164
131000 0.004654
131500 0.004216
132000 0.006224
132500 0.007175
133000 0.005688
133500 0.004360
134000 0.004528
134500 0.006877
135000 0.006844
135500 0.005236
136000 0.004178
136500 0.005094
137000 0.007237
137500 0.006401
138000 0.004831
138500 0.004153
139000 0.005840
139500 0.007267
140000 0.005923
140500 0.004495
141000 0.004341
141500 0.006581
142000 0.007029
142500 0.005456
143000 0.004252
143500 0.004782
144000 0.007100
144500 0.006630
145000 0.005025
145500 0.004143
146000 0.005456
146500 0.007291
147000 0.006162
147500 0.004652
148000 0.004217
148500 0.006227
149000 0.007174
149500 0.005686
150000 0.004359
150500 0.004530
151000 0.006880
151500 0.006842
152000 0.005234
152500 0.004178
153000 0.005097
153500 0.007238
154000 0.006399
154500 0.004829
155000 0.004153
155500 0.005844
156000 0.007266
156500 0.005921
157000 0.004493
157500 0.004342
158000 0.006584
158500 0.007027
159000 0.005454
159500 0.004252
160000 0.004785
160500 0.007102
161000 0.006628
161500 0.005024
162000 0.004142
162500 0.005459
163000 0.007292
163500 0.006160
164000 0.004651
164500 0.004218
165000 0.006231
165500 0.007173
166000 0.005683
166500 0.004358
167000 0.004532
167500 0.006882
168000 0.006840
168500 0.005232
169000 0.004177
169500 0.005100
170000 0.007239
170500 0.006397
171000 0.004828
171500 0.004154
172000 0.005847
172500 0.007266
173000 0.005919
173500 0.004492
174000 0.004343
174500 0.006587
175000 0.007026
175500 0.005452
176000 0.004251
176500 0.004788
177000 0.007103
177500 0.006626
178000 0.005022
178500 0.004142
179000 0.005462
179500 0.007292
180000 0.006158
180500 0.004649
181000 0.004219
181500 0.006234
182000 0.007172
182500 0.005681
183000 0.004357
183500 0.004534
184000 0.006884
184500 0.006838
185000 0.005230
185500 0.004177
186000 0.005103
186500 0.007240
187000 0.006395
187500 0.004826
188000 0.004154
188500 0.005851
189000 0.007265
189500 0.005917
190000 0.004491
190500 0.004345
191000 0.006589
191500 0.007024
192000 0.005450
192500 0.004250
193000 0.004790
193500 0.007105
194000 0.006624
194500 0.005020
195000 0.004142
195500 0.005466
196000 0.007292
196500 0.006156
197000 0.004648
197500 0.004220
198000 0.006237
198500 0.007171
199000 0.005679
199500 0.004356
200000 0.004536
200500 0.006887
201000 0.006837
201500 0.005228
202000 0.004176
202500 0.005106
203000 0.007241
203500 0.006393
204000 0.004825
204500 0.004154
205000 0.005854
205500 0.007265
206000 0.005915
206500 0.004490
207000 0.004346
207500 0.006592
208000 0.007023
208500 0.005448
209000 0.004249
209500 0.004792
210000 0.007107
210500 0.006622
211000 0.005018
211500 0.004142
212000 0.005469
212500 0.007292
213000 0.006154
213500 0.004646
214000 0.004220
214500 0.006240
215000 0.007170
215500 0.005677
216000 0.004355
216500 0.004538
217000 0.006889
217500 0.006835
218000 0.005226
218500 0.004176
219000 0.005109
219500 0.007241
220000 0.006391
220500 0.004823
221000 0.004155
221500 0.005857
222000 0.007264
222500 0.005913
223000 0.004488
223500 0.004347
224000 0.006595
224500 0.007021
225000 0.005446
225500 0.004248
226000 0.004795
226500 0.007108
227000 0.006620
227500 0.005017
228000 0.004142
228500 0.005472
229000 0.007292
229500 0.006152
230000 0.004645
230500 0.004221
231000 0.006243
231500 0.007169
232000 0.005676
232500 0.004354
233000 0.004539
233500 0.006891
234000 0.006833
234500 0.005225
235000 0.004175
235500 0.005112
236000 0.007242
236500 0.006389
237000 0.004822
237500 0.004155
238000 0.005860
238500 0.007264
239000 0.005911
239500 0.004487
240000 0.004349
240500 0.006598
241000 0.007020
241500 0.005444
242000 0.004248
242500 0.004797
243000 0.007109
243500 0.006618
244000 0.005015
244500 0.004142
245000 0.005475
245500 0.007292
246000 0.006150
246500 0.004644
247000 0.004222
247500 0.006246
248000 0.007168
248500 0.005674
249000 0.004353
249500 0.004541
250000 0.006893
250500 0.006832
251000 0.005223
251500 0.004175
252000 0.005114
252500 0.007243
253000 0.006387
253500 0.004820
254000 0.004155
254500 0.005863
255000 0.007263
255500 0.005909
256000 0.004486
256500 0.004350
257000 0.006600
257500 0.007019
258000 0.005443
258500 0.004247
259000 0.004799
259500 0.007111
260000 0.006617
260500 0.005013
261000 0.004142
261500 0.005478
262000 0.007292
262500 0.006148
263000 0.004642
263500 0.004223
264000 0.006249
264500 0.007167
265000 0.005672
265500 0.004352
266000 0.004543
266500 0.006895
267000 0.006830
267500 0.005221
268000 0.004174
268500 0.005117
269000 0.007244
269500 0.006385
270000 0.004819
270500 0.004156
271000 0.005867
271500 0.007263
