1000 0.000679
1500 0.000796
2000 0.000906
2500 0.000993
3000 0.001062
3500 0.001100
4000 0.001134
4500 0.001177
5000 0.001188
5500 0.001190
6000 0.001174
6500 0.001167
7000 0.001161
7500 0.001161
8000 0.001166
8500 0.001174
9000 0.001193
9500 0.001216
10000 0.001242
10500 0.001266
11000 0.001288
11500 0.001305
12000 0.001316
12500 0.001324
13000 0.001329
13500 0.001327
14000 0.001329
14500 0.001331
15000 0.001328
15500 0.001321
16000 0.001312
16500 0.001299
17000 0.001278
17500 0.001253
18000 0.001230
18500 0.001209
19000 0.001186
19500 0.001164
20000 0.001146
20500 0.001128
21000 0.001118
21500 0.001108
22000 0.001099
22500 0.001096
23000 0.001092
23500 0.001091
24000 0.001086
24500 0.001086
25000 0.001094
25500 0.001098
26000 0.001107
26500 0.001124
27000 0.001145
27500 0.001173
28000 0.001201
28500 0.001235
29000 0.001262
29500 0.001292
30000 0.001318
30500 0.001345
31000 0.001360
31500 0.001359
32000 0.001353
32500 0.001348
33000 0.001342
33500 0.001334
34000 0.001325
34500 0.001318
35000 0.001309
35500 0.001300
36000 0.001291
36500 0.001285
37000 0.001276
37500 0.001267
38000 0.001258
38500 0.001250
39000 0.001240
39500 0.001229
40000 0.001220
40500 0.001212
41000 0.001204
41500 0.001198
42000 0.001192
42500 0.001187
43000 0.001183
43500 0.001179
44000 0.001176
44500 0.001173
45000 0.001170
45500 0.001168
46000 0.001166
46500 0.001164
47000 0.001163
47500 0.001161
48000 0.001160
48500 0.001159
49000 0.001158
49500 0.001157
50000 0.001156
50500 0.001155
51000 0.001154
51500 0.001152
52000 0.001151
52500 0.001150
53000 0.001149
53500 0.001148
54000 0.001147
54500 0.001146
55000 0.001144
55500 0.001143
56000 0.001142
56500 0.001141
57000 0.001139
57500 0.001138
58000 0.001137
58500 0.001135
59000 0.001134
59500 0.001133
60000 0.001132
60500 0.001130
61000 0.001129
61500 0.001128
62000 0.001127
62500 0.001125
63000 0.001124
63500 0.001123
64000 0.001122
64500 0.001121
65000 0.001120
65500 0.001119
66000 0.001118
66500 0.001118
67000 0.001117
67500 0.001116
68000 0.001115
68500 0.001114
69000 0.001114
69500 0.001113
70000 0.001112
70500 0.001112
71000 0.001111
71500 0.001111
72000 0.001110
72500 0.001110
73000 0.001109
73500 0.001109
74000 0.001109
74500 0.001108
75000 0.001108
75500 0.001108
76000 0.001107
76500 0.001107
77000 0.001107
77500 0.001106
78000 0.001106
78500 0.001106
79000 0.001106
79500 0.001105
80000 0.001105
80500 0.001105
81000 0.001105
81500 0.001105
82000 0.001105
82500 0.001105
83000 0.001104
83500 0.001104
84000 0.001104
84500 0.001104
85000 0.001104
85500 0.001104
86000 0.001104
86500 0.001104
87000 0.001104
87500 0.001104
88000 0.001103
88500 0.001103
89000 0.001103
89500 0.001103
90000 0.001103
90500 0.001103
91000 0.001103
91500 0.001103
92000 0.001103
92500 0.001103
93000 0.001103
93500 0.001103
94000 0.001103
94500 0.001103
95000 0.001103
95500 0.001103
96000 0.001103
96500 0.001103
97000 0.001103
97500 0.001103
98000 0.001103
98500 0.001103
99000 0.001103
99500 0.001103
100000 0.001103
100500 0.001103
101000 0.001103
101500 0.001103
102000 0.001103
102500 0.001103
103000 0.001103
103500 0.001103
104000 0.001103
104500 0.001103
105000 0.001103
105500 0.001103
106000 0.001103
106500 0.001103
107000 0.001103
107500 0.001103
108000 0.001103
108500 0.001103
109000 0.001103
109500 0.001103
110000 0.001103
110500 0.001103
111000 0.001103
111500 0.001103
112000 0.001103
112500 0.001103
113000 0.001103
113500 0.001103
114000 0.001103
114500 0.001103
115000 0.001103
115500 0.001103
116000 0.001103
116500 0.001103
117000 0.001103
117500 0.001103
118000 0.001103
118500 0.001103
119000 0.001103
119500 0.001103
120000 0.001103
120500 0.001103
121000 0.001103
121500 0.001103
122000 0.001103
122500 0.001103
123000 0.001103
123500 0.001103
124000 0.001103
124500 0.001103
125000 0.001103
125500 0.001103
126000 0.001103
126500 0.001103
127000 0.001103
127500 0.001103
128000 0.001103
128500 0.001103
129000 0.001103
129500 0.001103
130000 0.001103
130500 0.001103
131000 0.001103
131500 0.001103
132000 0.001103
132500 0.001103
133000 0.001103
133500 0.001103
134000 0.001103
134500 0.001103
135000 0.001103
135500 0.001103
136000 0.001103
136500 0.001103
137000 0.001103
137500 0.001103
138000 0.001103
138500 0.001103
139000 0.001103
139500 0.001103
140000 0.001103
140500 0.001103
141000 0.001103
141500 0.001103
142000 0.001103
142500 0.001103
143000 0.001103
143500 0.001103
144000 0.001103
144500 0.001103
145000 0.001103
145500 0.001103
146000 0.001103
146500 0.001103
147000 0.001103
147500 0.001103
148000 0.001103
148500 0.001103
149000 0.001103
149500 0.001103
150000 0.001103
150500 0.001103
151000 0.001103
151500 0.001103
152000 0.001103
152500 0.001103
153000 0.001103
153500 0.001103
154000 0.001103
154500 0.001103
155000 0.001103
155500 0.001103
156000 0.001103
156500 0.001103
157000 0.001103
157500 0.001103
158000 0.001103
158500 0.001103
159000 0.001103
159500 0.001103
160000 0.001103
160500 0.001103
161000 0.001103
161500 0.001103
162000 0.001103
162500 0.001103
163000 0.001103
163500 0.001103
164000 0.001103
164500 0.001103
165000 0.001103
165500 0.001103
166000 0.001103
166500 0.001103
167000 0.001103
167500 0.001103
168000 0.001103
168500 0.001103
169000 0.001103
169500 0.001103
170000 0.001103
170500 0.001103
171000 0.001103
171500 0.001103
172000 0.001103
172500 0.001103
173000 0.001103
173500 0.001103
174000 0.001103
174500 0.001103
175000 0.001103
175500 0.001103
176000 0.001103
176500 0.001103
177000 0.001103
177500 0.001103
178000 0.001103
178500 0.001103
179000 0.001103
179500 0.001103
180000 0.001103
180500 0.001103
181000 0.001103
181500 0.001103
182000 0.001103
182500 0.001103
183000 0.001103
183500 0.001103
184000 0.001103
184500 0.001103
185000 0.001103
185500 0.001103
186000 0.001103
186500 0.001103
187000 0.001103
187500 0.001103
188000 0.001103
188500 0.001103
189000 0.001103
189500 0.001103
190000 0.001103
190500 0.001103
191000 0.001103
191500 0.001103
192000 0.001103
192500 0.001103
193000 0.001103
193500 0.001103
194000 0.001103
194500 0.001103
195000 0.001103
195500 0.001103
196000 0.001103
196500 0.001103
197000 0.001103
197500 0.001103
198000 0.001103
198500 0.001103
199000 0.001103
199500 0.001103
200000 0.001103
200500 0.001103
201000 0.001103
201500 0.001103
202000 0.001103
202500 0.001103
203000 0.001103
203500 0.001103
204000 0.001103
204500 0.001103
205000 0.001103
205500 0.001103
206000 0.001103
206500 0.001103
207000 0.001103
207500 0.001103
208000 0.001103
208500 0.001103
209000 0.001103
209500 0.001103
210000 0.001103
210500 0.001103
211000 0.001103
211500 0.001103
212000 0.001103
212500 0.001103
213000 0.001103
213500 0.001103
214000 0.001103
214500 0.001103
215000 0.001103
215500 0.001103
216000 0.001103
216500 0.001103
217000 0.001103
217500 0.001103
218000 0.001103
218500 0.001103
219000 0.001103
219500 0.001103
220000 0.001103
220500 0.001103
221000 0.001103
221500 0.001103
222000 0.001103
222500 0.001103
223000 0.001103
223500 0.001103
224000 0.001103
224500 0.001103
225000 0.001103
225500 0.001103
226000 0.001103
226500 0.001103
227000 0.001103
227500 0.001103
228000 0.001103
228500 0.001103
229000 0.001103
229500 0.001103
230000 0.001103
230500 0.001103
231000 0.001103
231500 0.001103
232000 0.001103
232500 0.001103
233000 0.001103
233500 0.001103
234000 0.001103
234500 0.001103
235000 0.001103
235500 0.001103
236000 0.001103
236500 0.001103
237000 0.001103
237500 0.001103
238000 0.001103
238500 0.001103
239000 0.001103
239500 0.001103
240000 0.001103
240500 0.001103
241000 0.001103
241500 0.001103
242000 0.001103
242500 0.001103
243000 0.001103
243500 0.001103
244000 0.001103
244500 0.001103
245000 0.001103
245500 0.001103
246000 0.001103
246500 0.001103
247000 0.001103
247500 0.001103
248000 0.001103
248500 0.001103
249000 0.001103
249500 0.001103
250000 0.001103
250500 0.001103
251000 0.001103
251500 0.001103
252000 0.001103
252500 0.001103
253000 0.001103
253500 0.001103
254000 0.001103
254500 0.001103
255000 0.001103
255500 0.001103
256000 0.001103
256500 0.001103
257000 0.001103
257500 0.001103
258000 0.001103
258500 0.001103
259000 0.001103
259500 0.001103
260000 0.001103
260500 0.001103
261000 0.001103
261500 0.001103
262000 0.001103
262500 0.001103
263000 0.001103
263500 0.001103
264000 0.001103
264500 0.001103
265000 0.001103
265500 0.001103
266000 0.001103
266500 0.001103
267000 0.001103
267500 0.001103
268000 0.001103
268500 0.001103
269000 0.001103
269500 0.001103
270000 0.001103
270500 0.001103
271000 0.001103
271500 0.001103
272000 0.001103
272500 0.001103
273000 0.001103
273500 0.001103
274000 0.001103
274500 0.001103
275000 0.001103
