1000 0.000721
1500 0.000846
2000 0.000971
2500 0.001064
3000 0.001135
3500 0.001174
4000 0.001213
4500 0.001255
5000 0.001271
5500 0.001275
6000 0.001261
6500 0.001252
7000 0.001252
7500 0.001259
8000 0.001276
8500 0.001301
9000 0.001328
9500 0.001355
10000 0.001379
10500 0.001398
11000 0.001407
11500 0.001413
12000 0.001415
12500 0.001411
13000 0.001411
13500 0.001412
14000 0.001406
14500 0.001397
15000 0.001389
15500 0.001368
16000 0.001344
16500 0.001323
17000 0.001297
17500 0.001269
18000 0.001245
18500 0.001224
19000 0.001209
19500 0.001204
20000 0.001196
20500 0.001198
21000 0.001207
21500 0.001222
22000 0.001246
22500 0.001273
23000 0.001305
23500 0.001337
24000 0.001366
24500 0.001401
25000 0.001435
25500 0.001474
26000 0.001487
26500 0.001496
27000 0.001496
27500 0.001495
28000 0.001494
28500 0.001488
29000 0.001480
29500 0.001474
30000 0.001465
30500 0.001457
31000 0.001448
31500 0.001440
32000 0.001429
32500 0.001423
33000 0.001412
33500 0.001402
34000 0.001395
34500 0.001387
35000 0.001375
35500 0.001369
36000 0.001359
36500 0.001349
37000 0.001342
37500 0.001335
38000 0.001324
38500 0.001318
39000 0.001311
39500 0.001300
40000 0.001294
40500 0.001285
41000 0.001281
41500 0.001279
42000 0.001282
42500 0.001277
43000 0.001272
43500 0.001267
44000 0.001262
44500 0.001258
45000 0.001254
45500 0.001250
46000 0.001247
46500 0.001244
47000 0.001240
47500 0.001237
48000 0.001234
48500 0.001232
49000 0.001229
49500 0.001226
50000 0.001223
50500 0.001221
51000 0.001218
51500 0.001216
52000 0.001213
52500 0.001211
53000 0.001209
53500 0.001206
54000 0.001204
54500 0.001202
55000 0.001200
55500 0.001198
56000 0.001197
56500 0.001195
57000 0.001193
57500 0.001192
58000 0.001190
58500 0.001189
59000 0.001187
59500 0.001186
60000 0.001185
60500 0.001184
61000 0.001183
61500 0.001182
62000 0.001181
62500 0.001180
63000 0.001179
63500 0.001178
64000 0.001177
64500 0.001177
65000 0.001176
65500 0.001176
66000 0.001175
66500 0.001175
67000 0.001174
67500 0.001174
68000 0.001173
68500 0.001173
69000 0.001173
69500 0.001172
70000 0.001172
70500 0.001172
71000 0.001171
71500 0.001171
72000 0.001171
72500 0.001171
73000 0.001171
73500 0.001170
74000 0.001170
74500 0.001170
75000 0.001170
75500 0.001170
76000 0.001170
76500 0.001170
77000 0.001170
77500 0.001169
78000 0.001169
78500 0.001169
79000 0.001169
79500 0.001169
80000 0.001169
80500 0.001169
81000 0.001169
81500 0.001169
82000 0.001169
82500 0.001169
83000 0.001169
83500 0.001169
84000 0.001169
84500 0.001169
85000 0.001169
85500 0.001169
86000 0.001169
86500 0.001169
87000 0.001169
87500 0.001169
88000 0.001169
88500 0.001169
89000 0.001169
89500 0.001169
90000 0.001169
90500 0.001169
91000 0.001169
91500 0.001169
92000 0.001169
92500 0.001169
93000 0.001169
93500 0.001169
94000 0.001169
94500 0.001169
95000 0.001169
95500 0.001169
96000 0.001169
96500 0.001169
97000 0.001169
97500 0.001169
98000 0.001169
98500 0.001169
99000 0.001169
99500 0.001169
100000 0.001168
100500 0.001168
101000 0.001168
101500 0.001168
102000 0.001168
102500 0.001168
103000 0.001168
103500 0.001168
104000 0.001168
104500 0.001168
105000 0.001168
105500 0.001168
106000 0.001168
106500 0.001168
107000 0.001168
107500 0.001168
108000 0.001168
108500 0.001168
109000 0.001168
109500 0.001168
110000 0.001168
110500 0.001168
111000 0.001168
111500 0.001168
112000 0.001168
112500 0.001168
113000 0.001168
113500 0.001168
114000 0.001168
114500 0.001168
115000 0.001168
115500 0.001168
116000 0.001168
116500 0.001168
117000 0.001168
117500 0.001168
118000 0.001168
118500 0.001168
119000 0.001168
119500 0.001168
120000 0.001168
120500 0.001168
121000 0.001168
121500 0.001168
122000 0.001168
122500 0.001168
123000 0.001168
123500 0.001168
124000 0.001168
124500 0.001168
125000 0.001168
125500 0.001168
126000 0.001168
126500 0.001168
127000 0.001168
127500 0.001168
128000 0.001168
128500 0.001168
129000 0.001168
129500 0.001168
130000 0.001168
130500 0.001168
131000 0.001168
131500 0.001168
132000 0.001168
132500 0.001168
133000 0.001168
133500 0.001168
134000 0.001168
134500 0.001168
135000 0.001168
135500 0.001168
136000 0.001168
136500 0.001168
137000 0.001168
137500 0.001168
138000 0.001168
138500 0.001168
139000 0.001168
139500 0.001168
140000 0.001168
140500 0.001168
141000 0.001168
141500 0.001168
142000 0.001168
142500 0.001168
143000 0.001168
143500 0.001168
144000 0.001168
144500 0.001168
145000 0.001168
145500 0.001168
146000 0.001168
146500 0.001168
147000 0.001168
147500 0.001168
148000 0.001168
148500 0.001168
149000 0.001168
149500 0.001168
150000 0.001168
150500 0.001168
151000 0.001168
151500 0.001168
152000 0.001168
152500 0.001168
153000 0.001168
153500 0.001168
154000 0.001168
154500 0.001168
155000 0.001168
155500 0.001168
156000 0.001168
156500 0.001168
157000 0.001168
157500 0.001168
158000 0.001168
158500 0.001168
159000 0.001168
159500 0.001168
160000 0.001168
160500 0.001168
161000 0.001168
161500 0.001168
162000 0.001168
162500 0.001168
163000 0.001168
163500 0.001168
164000 0.001168
164500 0.001168
165000 0.001168
165500 0.001168
166000 0.001168
166500 0.001168
167000 0.001168
167500 0.001168
168000 0.001168
168500 0.001168
169000 0.001168
169500 0.001168
170000 0.001168
170500 0.001168
171000 0.001168
171500 0.001168
172000 0.001168
172500 0.001168
173000 0.001168
173500 0.001168
174000 0.001168
174500 0.001168
175000 0.001168
175500 0.001168
176000 0.001168
176500 0.001168
177000 0.001168
177500 0.001168
178000 0.001168
178500 0.001168
179000 0.001168
179500 0.001168
180000 0.001168
180500 0.001168
181000 0.001168
181500 0.001168
182000 0.001168
182500 0.001168
183000 0.001168
183500 0.001168
184000 0.001168
184500 0.001168
185000 0.001168
185500 0.001168
186000 0.001168
186500 0.001168
187000 0.001168
187500 0.001168
188000 0.001168
188500 0.001168
189000 0.001168
189500 0.001168
190000 0.001168
190500 0.001168
191000 0.001168
191500 0.001168
192000 0.001168
192500 0.001168
193000 0.001168
193500 0.001168
194000 0.001168
194500 0.001168
195000 0.001168
195500 0.001168
196000 0.001168
196500 0.001168
197000 0.001168
197500 0.001168
198000 0.001168
198500 0.001168
199000 0.001168
199500 0.001168
200000 0.001168
200500 0.001168
201000 0.001168
201500 0.001168
202000 0.001168
202500 0.001168
203000 0.001168
203500 0.001168
204000 0.001168
204500 0.001168
205000 0.001168
205500 0.001168
206000 0.001168
206500 0.001168
207000 0.001168
207500 0.001168
208000 0.001168
208500 0.001168
209000 0.001168
209500 0.001168
210000 0.001168
210500 0.001168
211000 0.001168
211500 0.001168
212000 0.001168
212500 0.001168
213000 0.001168
213500 0.001168
214000 0.001168
214500 0.001168
215000 0.001168
215500 0.001168
216000 0.001168
216500 0.001168
217000 0.001168
217500 0.001168
218000 0.001168
218500 0.001168
219000 0.001168
219500 0.001168
220000 0.001168
220500 0.001168
221000 0.001168
221500 0.001168
222000 0.001168
222500 0.001168
223000 0.001168
223500 0.001168
224000 0.001168
224500 0.001168
225000 0.001168
225500 0.001168
226000 0.001168
226500 0.001168
227000 0.001168
227500 0.001168
228000 0.001168
228500 0.001168
229000 0.001168
229500 0.001168
230000 0.001168
230500 0.001168
231000 0.001168
231500 0.001168
232000 0.001168
232500 0.001168
233000 0.001168
233500 0.001168
234000 0.001168
234500 0.001168
235000 0.001168
235500 0.001168
236000 0.001168
236500 0.001168
237000 0.001168
237500 0.001168
238000 0.001168
238500 0.001168
239000 0.001168
239500 0.001168
240000 0.001168
240500 0.001168
241000 0.001168
241500 0.001168
242000 0.001168
242500 0.001168
243000 0.001168
243500 0.001168
244000 0.001168
244500 0.001168
245000 0.001168
245500 0.001168
246000 0.001168
246500 0.001168
247000 0.001168
247500 0.001168
248000 0.001168
248500 0.001168
249000 0.001168
249500 0.001168
250000 0.001168
250500 0.001168
251000 0.001168
251500 0.001168
252000 0.001168
252500 0.001168
253000 0.001168
253500 0.001168
254000 0.001168
254500 0.001168
255000 0.001168
255500 0.001168
256000 0.001168
256500 0.001168
257000 0.001168
257500 0.001168
258000 0.001168
258500 0.001168
259000 0.001168
259500 0.001168
260000 0.001168
260500 0.001168
261000 0.001168
261500 0.001168
262000 0.001168
262500 0.001168
263000 0.001168
263500 0.001168
264000 0.001168
264500 0.001168
265000 0.001168
265500 0.001168
266000 0.001168
266500 0.001168
267000 0.001168
267500 0.001168
268000 0.001168
268500 0.001168
269000 0.001168
269500 0.001168
270000 0.001168
270500 0.001168
271000 0.001168
271500 0.001168
272000 0.001168
272500 0.001168
273000 0.001168
273500 0.001168
274000 0.001168
274500 0.001168
275000 0.001168
