1000 0.001604
1500 0.001942
2000 0.002245
2500 0.002505
3000 0.002729
3500 0.002937
4000 0.003124
4500 0.003120
5000 0.003048
5500 0.002975
6000 0.002936
6500 0.002951
7000 0.003017
7500 0.003137
8000 0.003272
8500 0.003372
9000 0.003434
9500 0.003457
10000 0.003445
10500 0.003409
11000 0.003361
11500 0.003306
12000 0.003250
12500 0.003198
13000 0.003137
13500 0.003086
14000 0.003047
14500 0.003021
15000 0.003008
15500 0.003003
16000 0.003000
16500 0.002995
17000 0.002998
17500 0.002981
18000 0.002942
18500 0.002887
19000 0.002822
19500 0.002752
20000 0.002683
20500 0.002617
21000 0.002556
21500 0.002502
22000 0.002454
22500 0.002412
23000 0.002375
23500 0.002344
24000 0.002317
24500 0.002295
25000 0.002276
25500 0.002261
26000 0.002248
26500 0.002238
27000 0.002231
27500 0.002225
28000 0.002221
28500 0.002219
29000 0.002218
29500 0.002218
30000 0.002219
30500 0.002221
31000 0.002224
31500 0.002227
32000 0.002231
32500 0.002235
33000 0.002239
33500 0.002243
34000 0.002247
34500 0.002251
35000 0.002255
35500 0.002259
36000 0.002262
36500 0.002265
37000 0.002268
37500 0.002270
38000 0.002272
38500 0.002273
39000 0.002274
39500 0.002274
40000 0.002274
40500 0.002274
41000 0.002273
41500 0.002272
42000 0.002271
42500 0.002270
43000 0.002269
43500 0.002267
44000 0.002265
44500 0.002263
45000 0.002262
45500 0.002260
46000 0.002258
46500 0.002256
47000 0.002255
47500 0.002253
48000 0.002252
48500 0.002251
49000 0.002250
49500 0.002249
50000 0.002248
50500 0.002247
51000 0.002247
51500 0.002246
52000 0.002246
52500 0.002246
53000 0.002246
53500 0.002246
54000 0.002247
54500 0.002247
55000 0.002248
55500 0.002248
56000 0.002249
56500 0.002250
57000 0.002250
57500 0.002251
58000 0.002252
58500 0.002253
59000 0.002253
59500 0.002254
60000 0.002255
60500 0.002255
61000 0.002256
61500 0.002256
62000 0.002257
62500 0.002257
63000 0.002258
63500 0.002258
64000 0.002258
64500 0.002258
65000 0.002258
65500 0.002258
66000 0.002258
66500 0.002258
67000 0.002258
67500 0.002257
68000 0.002257
68500 0.002257
69000 0.002257
69500 0.002256
70000 0.002256
70500 0.002256
71000 0.002255
71500 0.002255
72000 0.002255
72500 0.002254
73000 0.002254
73500 0.002254
74000 0.002254
74500 0.002253
75000 0.002253
75500 0.002253
76000 0.002253
76500 0.002253
77000 0.002253
77500 0.002253
78000 0.002253
78500 0.002253
79000 0.002253
79500 0.002253
80000 0.002253
80500 0.002253
81000 0.002254
81500 0.002254
82000 0.002254
82500 0.002254
83000 0.002254
83500 0.002254
84000 0.002254
84500 0.002254
85000 0.002255
85500 0.002255
86000 0.002255
86500 0.002255
87000 0.002255
87500 0.002255
88000 0.002255
88500 0.002255
89000 0.002255
89500 0.002255
90000 0.002255
90500 0.002255
91000 0.002255
91500 0.002255
92000 0.002255
92500 0.002255
93000 0.002255
93500 0.002255
94000 0.002255
94500 0.002255
95000 0.002255
95500 0.002255
96000 0.002255
96500 0.002255
97000 0.002255
97500 0.002255
98000 0.002254
98500 0.002254
99000 0.002254
99500 0.002254
100000 0.002254
100500 0.002254
101000 0.002254
101500 0.002254
102000 0.002254
102500 0.002254
103000 0.002254
103500 0.002254
104000 0.002254
104500 0.002254
105000 0.002254
105500 0.002254
106000 0.002254
106500 0.002254
107000 0.002254
107500 0.002254
108000 0.002254
108500 0.002254
109000 0.002255
109500 0.002255
110000 0.002255
110500 0.002255
111000 0.002255
111500 0.002255
112000 0.002255
112500 0.002255
113000 0.002255
113500 0.002255
114000 0.002255
114500 0.002255
115000 0.002255
115500 0.002255
116000 0.002255
116500 0.002255
117000 0.002255
117500 0.002255
118000 0.002255
118500 0.002255
119000 0.002255
119500 0.002255
120000 0.002255
120500 0.002255
121000 0.002255
121500 0.002255
122000 0.002255
122500 0.002255
123000 0.002255
123500 0.002255
124000 0.002255
124500 0.002255
125000 0.002255
125500 0.002254
126000 0.002254
126500 0.002254
127000 0.002254
127500 0.002254
128000 0.002254
128500 0.002254
129000 0.002254
129500 0.002254
130000 0.002254
130500 0.002255
131000 0.002255
131500 0.002255
132000 0.002255
132500 0.002255
133000 0.002255
133500 0.002255
134000 0.002255
134500 0.002255
135000 0.002255
135500 0.002255
136000 0.002255
136500 0.002255
137000 0.002255
137500 0.002255
138000 0.002255
138500 0.002255
139000 0.002255
139500 0.002255
140000 0.002255
140500 0.002255
141000 0.002255
141500 0.002255
142000 0.002255
142500 0.002255
143000 0.002255
143500 0.002255
144000 0.002255
144500 0.002255
145000 0.002255
145500 0.002255
146000 0.002255
146500 0.002255
147000 0.002255
147500 0.002255
148000 0.002255
148500 0.002255
149000 0.002255
149500 0.002255
150000 0.002254
150500 0.002254
151000 0.002254
151500 0.002254
152000 0.002255
152500 0.002255
153000 0.002255
153500 0.002255
154000 0.002255
154500 0.002255
155000 0.002255
155500 0.002255
156000 0.002255
156500 0.002255
157000 0.002255
157500 0.002255
158000 0.002255
158500 0.002255
159000 0.002255
159500 0.002255
160000 0.002255
160500 0.002255
161000 0.002255
161500 0.002255
162000 0.002254
162500 0.002255
163000 0.002255
163500 0.002255
164000 0.002255
164500 0.002255
165000 0.002255
165500 0.002255
166000 0.002255
166500 0.002255
167000 0.002255
167500 0.002255
168000 0.002255
168500 0.002255
169000 0.002255
169500 0.002255
170000 0.002255
170500 0.002255
171000 0.002255
171500 0.002255
172000 0.002255
172500 0.002255
173000 0.002254
173500 0.002255
174000 0.002255
174500 0.002255
175000 0.002255
