1000 0.001823
1500 0.002213
2000 0.002579
2500 0.002917
3000 0.003220
3500 0.003453
4000 0.003489
4500 0.003428
5000 0.003347
5500 0.003325
6000 0.003387
6500 0.003542
7000 0.003699
7500 0.003824
8000 0.003899
8500 0.003917
9000 0.003883
9500 0.003821
10000 0.003747
10500 0.003670
11000 0.003596
11500 0.003527
12000 0.003466
12500 0.003424
13000 0.003395
13500 0.003376
14000 0.003350
14500 0.003311
15000 0.003264
15500 0.003217
16000 0.003195
16500 0.003124
17000 0.003038
17500 0.002950
18000 0.002868
18500 0.002793
19000 0.002728
19500 0.002671
20000 0.002622
20500 0.002580
21000 0.002546
21500 0.002517
22000 0.002493
22500 0.002474
23000 0.002458
23500 0.002445
24000 0.002435
24500 0.002428
25000 0.002422
25500 0.002419
26000 0.002417
26500 0.002417
27000 0.002419
27500 0.002423
28000 0.002428
28500 0.002434
29000 0.002441
29500 0.002449
30000 0.002457
30500 0.002465
31000 0.002473
31500 0.002480
32000 0.002487
32500 0.002493
33000 0.002498
33500 0.002502
34000 0.002504
34500 0.002506
35000 0.002507
35500 0.002506
36000 0.002505
36500 0.002502
37000 0.002499
37500 0.002495
38000 0.002490
38500 0.002485
39000 0.002479
39500 0.002473
40000 0.002468
40500 0.002462
41000 0.002456
41500 0.002451
42000 0.002446
42500 0.002441
43000 0.002437
43500 0.002434
44000 0.002431
44500 0.002428
45000 0.002426
45500 0.002423
46000 0.002421
46500 0.002420
47000 0.002418
47500 0.002417
48000 0.002417
48500 0.002417
49000 0.002418
49500 0.002420
50000 0.002423
50500 0.002426
51000 0.002431
51500 0.002436
52000 0.002441
52500 0.002447
53000 0.002453
53500 0.002459
54000 0.002465
54500 0.002470
55000 0.002475
55500 0.002478
56000 0.002481
56500 0.002482
57000 0.002483
57500 0.002482
58000 0.002480
58500 0.002477
59000 0.002473
59500 0.002468
60000 0.002463
60500 0.002456
61000 0.002450
61500 0.002443
62000 0.002436
62500 0.002429
63000 0.002423
63500 0.002417
64000 0.002411
64500 0.002406
65000 0.002401
65500 0.002397
66000 0.002394
66500 0.002392
67000 0.002390
67500 0.002389
68000 0.002388
68500 0.002388
69000 0.002388
69500 0.002389
70000 0.002390
70500 0.002391
71000 0.002392
71500 0.002394
72000 0.002395
72500 0.002397
73000 0.002398
73500 0.002400
74000 0.002401
74500 0.002402
75000 0.002403
75500 0.002403
76000 0.002403
76500 0.002404
77000 0.002403
77500 0.002403
78000 0.002403
78500 0.002402
79000 0.002401
79500 0.002401
80000 0.002400
80500 0.002399
81000 0.002397
81500 0.002396
82000 0.002395
82500 0.002394
83000 0.002393
83500 0.002392
84000 0.002391
84500 0.002389
85000 0.002388
85500 0.002387
86000 0.002386
86500 0.002385
87000 0.002384
87500 0.002383
88000 0.002382
88500 0.002382
89000 0.002381
89500 0.002380
90000 0.002379
90500 0.002378
91000 0.002378
91500 0.002377
92000 0.002376
92500 0.002376
93000 0.002375
93500 0.002375
94000 0.002374
94500 0.002374
95000 0.002373
95500 0.002373
96000 0.002372
96500 0.002372
97000 0.002371
97500 0.002371
98000 0.002371
98500 0.002370
99000 0.002370
99500 0.002370
100000 0.002369
100500 0.002369
101000 0.002369
101500 0.002369
102000 0.002368
102500 0.002368
103000 0.002368
103500 0.002368
104000 0.002367
104500 0.002367
105000 0.002367
105500 0.002367
106000 0.002367
106500 0.002367
107000 0.002366
107500 0.002366
108000 0.002366
108500 0.002366
109000 0.002366
109500 0.002366
110000 0.002366
110500 0.002366
111000 0.002366
111500 0.002366
112000 0.002365
112500 0.002365
113000 0.002365
113500 0.002365
114000 0.002365
114500 0.002365
115000 0.002365
115500 0.002365
116000 0.002365
116500 0.002365
117000 0.002365
117500 0.002365
118000 0.002365
118500 0.002365
119000 0.002365
119500 0.002365
120000 0.002365
120500 0.002365
121000 0.002365
121500 0.002365
122000 0.002365
122500 0.002365
123000 0.002365
123500 0.002365
124000 0.002365
124500 0.002365
125000 0.002365
125500 0.002365
126000 0.002365
126500 0.002364
127000 0.002364
127500 0.002364
128000 0.002364
128500 0.002364
129000 0.002364
129500 0.002364
130000 0.002364
130500 0.002364
131000 0.002364
131500 0.002364
132000 0.002364
132500 0.002364
133000 0.002364
133500 0.002364
134000 0.002364
134500 0.002364
135000 0.002364
135500 0.002364
136000 0.002364
136500 0.002364
137000 0.002364
137500 0.002364
138000 0.002364
138500 0.002364
139000 0.002364
139500 0.002364
140000 0.002364
140500 0.002364
141000 0.002364
141500 0.002364
142000 0.002364
142500 0.002364
143000 0.002364
143500 0.002364
144000 0.002364
144500 0.002364
145000 0.002364
145500 0.002364
146000 0.002364
146500 0.002364
147000 0.002364
147500 0.002364
148000 0.002364
148500 0.002364
149000 0.002364
149500 0.002364
150000 0.002364
150500 0.002364
151000 0.002364
151500 0.002364
152000 0.002364
152500 0.002364
153000 0.002364
153500 0.002364
154000 0.002364
154500 0.002364
155000 0.002364
155500 0.002364
156000 0.002364
156500 0.002364
157000 0.002364
157500 0.002364
158000 0.002364
158500 0.002364
159000 0.002364
159500 0.002364
160000 0.002364
160500 0.002364
161000 0.002364
161500 0.002364
162000 0.002364
162500 0.002364
163000 0.002364
163500 0.002364
164000 0.002364
164500 0.002364
165000 0.002364
165500 0.002364
166000 0.002364
166500 0.002364
167000 0.002364
167500 0.002364
168000 0.002364
168500 0.002364
169000 0.002364
169500 0.002364
170000 0.002364
170500 0.002364
171000 0.002364
171500 0.002364
172000 0.002364
172500 0.002364
173000 0.002364
173500 0.002364
174000 0.002364
174500 0.002364
175000 0.002364
