1000 0.000433
1500 0.000489
2000 0.000535
2500 0.000578
3000 0.000597
3500 0.000619
4000 0.000647
4500 0.000673
5000 0.000695
5500 0.000693
6000 0.000689
6500 0.000680
7000 0.000683
7500 0.000677
8000 0.000668
8500 0.000661
9000 0.000656
9500 0.000647
10000 0.000643
10500 0.000640
11000 0.000637
11500 0.000633
12000 0.000634
12500 0.000637
13000 0.000638
13500 0.000638
14000 0.000640
14500 0.000644
15000 0.000648
15500 0.000652
16000 0.000657
16500 0.000660
17000 0.000663
17500 0.000669
18000 0.000673
18500 0.000675
19000 0.000679
19500 0.000680
20000 0.000683
20500 0.000687
21000 0.000688
21500 0.000692
22000 0.000691
22500 0.000692
23000 0.000691
23500 0.000695
24000 0.000692
24500 0.000692
25000 0.000689
25500 0.000690
26000 0.000687
26500 0.000684
27000 0.000683
27500 0.000683
28000 0.000679
28500 0.000675
29000 0.000676
29500 0.000670
30000 0.000669
30500 0.000666
31000 0.000663
31500 0.000659
32000 0.000658
32500 0.000653
33000 0.000651
33500 0.000649
34000 0.000644
34500 0.000644
35000 0.000638
35500 0.000639
36000 0.000633
36500 0.000632
37000 0.000628
37500 0.000626
38000 0.000623
38500 0.000619
39000 0.000618
39500 0.000614
40000 0.000613
40500 0.000608
41000 0.000608
41500 0.000603
42000 0.000603
42500 0.000597
43000 0.000599
43500 0.000594
44000 0.000594
44500 0.000588
45000 0.000589
45500 0.000584
46000 0.000585
46500 0.000578
47000 0.000579
47500 0.000575
48000 0.000576
48500 0.000569
49000 0.000570
49500 0.000566
50000 0.000567
50500 0.000561
51000 0.000559
51500 0.000556
52000 0.000555
52500 0.000553
53000 0.000548
53500 0.000546
54000 0.000542
54500 0.000542
55000 0.000538
55500 0.000534
56000 0.000530
56500 0.000522
57000 0.000518
57500 0.000515
58000 0.000512
58500 0.000509
59000 0.000507
59500 0.000505
60000 0.000504
60500 0.000503
61000 0.000501
61500 0.000501
62000 0.000500
62500 0.000499
63000 0.000498
63500 0.000498
64000 0.000497
64500 0.000497
65000 0.000497
65500 0.000496
66000 0.000496
66500 0.000496
67000 0.000496
67500 0.000496
68000 0.000496
68500 0.000495
69000 0.000495
69500 0.000495
70000 0.000495
70500 0.000495
71000 0.000495
71500 0.000495
72000 0.000495
72500 0.000495
73000 0.000495
73500 0.000495
74000 0.000495
74500 0.000495
75000 0.000495
75500 0.000495
76000 0.000495
76500 0.000495
77000 0.000495
77500 0.000495
78000 0.000495
78500 0.000495
79000 0.000495
79500 0.000495
80000 0.000495
80500 0.000495
81000 0.000495
81500 0.000495
82000 0.000495
82500 0.000495
83000 0.000495
83500 0.000495
84000 0.000495
84500 0.000495
85000 0.000495
85500 0.000495
86000 0.000495
86500 0.000495
87000 0.000495
87500 0.000495
88000 0.000495
88500 0.000495
89000 0.000495
89500 0.000495
90000 0.000495
90500 0.000495
91000 0.000495
91500 0.000495
92000 0.000495
92500 0.000495
93000 0.000495
93500 0.000495
94000 0.000495
94500 0.000495
95000 0.000495
95500 0.000495
96000 0.000495
96500 0.000495
97000 0.000495
97500 0.000495
98000 0.000495
98500 0.000495
99000 0.000495
99500 0.000495
100000 0.000495
100500 0.000495
101000 0.000495
101500 0.000495
102000 0.000495
102500 0.000495
103000 0.000495
103500 0.000495
104000 0.000495
104500 0.000495
105000 0.000495
105500 0.000495
106000 0.000495
106500 0.000495
107000 0.000495
107500 0.000495
108000 0.000495
108500 0.000495
109000 0.000495
109500 0.000495
110000 0.000495
110500 0.000495
111000 0.000495
111500 0.000495
112000 0.000495
112500 0.000495
113000 0.000495
113500 0.000495
114000 0.000495
114500 0.000495
115000 0.000495
115500 0.000495
116000 0.000495
116500 0.000495
117000 0.000495
117500 0.000495
118000 0.000495
118500 0.000495
119000 0.000495
119500 0.000495
120000 0.000495
120500 0.000495
121000 0.000495
121500 0.000495
122000 0.000495
122500 0.000495
123000 0.000495
123500 0.000495
124000 0.000495
124500 0.000495
125000 0.000495
125500 0.000495
126000 0.000495
126500 0.000495
127000 0.000495
127500 0.000495
128000 0.000495
128500 0.000495
129000 0.000495
129500 0.000495
130000 0.000495
130500 0.000495
131000 0.000495
131500 0.000495
132000 0.000495
132500 0.000495
133000 0.000495
133500 0.000495
134000 0.000495
134500 0.000495
135000 0.000495
135500 0.000495
136000 0.000495
136500 0.000495
137000 0.000495
137500 0.000495
138000 0.000495
138500 0.000495
139000 0.000495
139500 0.000495
140000 0.000495
140500 0.000495
141000 0.000495
141500 0.000495
142000 0.000495
142500 0.000495
143000 0.000495
143500 0.000495
144000 0.000495
144500 0.000495
145000 0.000495
145500 0.000495
146000 0.000495
146500 0.000495
147000 0.000495
147500 0.000495
148000 0.000495
148500 0.000495
149000 0.000495
149500 0.000495
150000 0.000495
150500 0.000495
151000 0.000495
151500 0.000495
152000 0.000495
152500 0.000495
153000 0.000495
153500 0.000495
154000 0.000495
154500 0.000495
155000 0.000495
155500 0.000495
156000 0.000495
156500 0.000495
157000 0.000495
157500 0.000495
158000 0.000495
158500 0.000495
159000 0.000495
159500 0.000495
160000 0.000495
160500 0.000495
161000 0.000495
161500 0.000495
162000 0.000495
162500 0.000495
163000 0.000495
163500 0.000495
164000 0.000495
164500 0.000495
165000 0.000495
165500 0.000495
166000 0.000495
166500 0.000495
167000 0.000495
167500 0.000495
168000 0.000495
168500 0.000495
169000 0.000495
169500 0.000495
170000 0.000495
170500 0.000495
171000 0.000495
171500 0.000495
172000 0.000495
172500 0.000495
173000 0.000495
173500 0.000495
174000 0.000495
174500 0.000495
175000 0.000495
175500 0.000495
176000 0.000495
176500 0.000495
177000 0.000495
177500 0.000495
178000 0.000495
178500 0.000495
179000 0.000495
179500 0.000495
180000 0.000495
180500 0.000495
181000 0.000495
181500 0.000495
182000 0.000495
182500 0.000495
183000 0.000495
183500 0.000495
184000 0.000495
184500 0.000495
185000 0.000495
185500 0.000495
186000 0.000495
186500 0.000495
187000 0.000495
187500 0.000495
188000 0.000495
188500 0.000495
189000 0.000495
189500 0.000495
190000 0.000495
190500 0.000495
191000 0.000495
191500 0.000495
192000 0.000495
192500 0.000495
193000 0.000495
193500 0.000495
194000 0.000495
194500 0.000495
195000 0.000495
195500 0.000495
196000 0.000495
196500 0.000495
197000 0.000495
197500 0.000495
198000 0.000495
198500 0.000495
199000 0.000495
199500 0.000495
200000 0.000495
200500 0.000495
201000 0.000495
201500 0.000495
202000 0.000495
202500 0.000495
203000 0.000495
203500 0.000495
204000 0.000495
204500 0.000495
205000 0.000495
205500 0.000495
206000 0.000495
206500 0.000495
207000 0.000495
207500 0.000495
208000 0.000495
208500 0.000495
209000 0.000495
209500 0.000495
210000 0.000495
210500 0.000495
211000 0.000495
211500 0.000495
212000 0.000495
212500 0.000495
213000 0.000495
213500 0.000495
214000 0.000495
214500 0.000495
215000 0.000495
215500 0.000495
216000 0.000495
216500 0.000495
217000 0.000495
217500 0.000495
218000 0.000495
218500 0.000495
219000 0.000495
219500 0.000495
220000 0.000495
220500 0.000495
221000 0.000495
221500 0.000495
222000 0.000495
222500 0.000495
223000 0.000495
223500 0.000495
224000 0.000495
224500 0.000495
225000 0.000495
225500 0.000495
226000 0.000495
226500 0.000495
227000 0.000495
227500 0.000495
228000 0.000495
228500 0.000495
229000 0.000495
229500 0.000495
230000 0.000495
230500 0.000495
231000 0.000495
231500 0.000495
232000 0.000495
232500 0.000495
233000 0.000495
233500 0.000495
234000 0.000495
234500 0.000495
235000 0.000495
235500 0.000495
236000 0.000495
236500 0.000495
237000 0.000495
237500 0.000495
238000 0.000495
238500 0.000495
239000 0.000495
239500 0.000495
240000 0.000495
240500 0.000495
241000 0.000495
241500 0.000495
242000 0.000495
242500 0.000495
243000 0.000495
243500 0.000495
244000 0.000495
244500 0.000495
245000 0.000495
245500 0.000495
246000 0.000495
246500 0.000495
247000 0.000495
247500 0.000495
248000 0.000495
248500 0.000495
249000 0.000495
249500 0.000495
250000 0.000495
250500 0.000495
251000 0.000495
251500 0.000495
252000 0.000495
252500 0.000495
253000 0.000495
253500 0.000495
254000 0.000495
254500 0.000495
255000 0.000495
255500 0.000495
256000 0.000495
256500 0.000495
257000 0.000495
257500 0.000495
258000 0.000495
258500 0.000495
259000 0.000495
259500 0.000495
260000 0.000495
260500 0.000495
261000 0.000495
261500 0.000495
262000 0.000495
262500 0.000495
263000 0.000495
263500 0.000495
264000 0.000495
264500 0.000495
265000 0.000495
265500 0.000495
266000 0.000495
266500 0.000495
267000 0.000495
267500 0.000495
268000 0.000495
268500 0.000495
269000 0.000495
269500 0.000495
270000 0.000495
270500 0.000495
271000 0.000495
271500 0.000495
272000 0.000495
272500 0.000495
273000 0.000495
273500 0.000495
274000 0.000495
274500 0.000495
275000 0.000495
