1000 0.001737
1500 0.002105
2000 0.002446
2500 0.002748
3000 0.003021
3500 0.003248
4000 0.003366
4500 0.003309
5000 0.003229
5500 0.003176
6000 0.003190
6500 0.003272
7000 0.003424
7500 0.003562
8000 0.003665
8500 0.003719
9000 0.003725
9500 0.003695
10000 0.003640
10500 0.003574
11000 0.003505
11500 0.003440
12000 0.003374
12500 0.003315
13000 0.003273
13500 0.003247
14000 0.003231
14500 0.003216
15000 0.003193
15500 0.003159
16000 0.003118
16500 0.003100
17000 0.003050
17500 0.002976
18000 0.002897
18500 0.002819
19000 0.002746
19500 0.002680
20000 0.002622
20500 0.002571
21000 0.002528
21500 0.002491
22000 0.002459
22500 0.002433
23000 0.002412
23500 0.002394
24000 0.002380
24500 0.002369
25000 0.002361
25500 0.002355
26000 0.002351
26500 0.002348
27000 0.002348
27500 0.002348
28000 0.002350
28500 0.002353
29000 0.002357
29500 0.002362
30000 0.002367
30500 0.002373
31000 0.002379
31500 0.002384
32000 0.002390
32500 0.002396
33000 0.002400
33500 0.002405
34000 0.002409
34500 0.002412
35000 0.002414
35500 0.002416
36000 0.002417
36500 0.002417
37000 0.002417
37500 0.002416
38000 0.002414
38500 0.002412
39000 0.002410
39500 0.002407
40000 0.002404
40500 0.002400
41000 0.002397
41500 0.002394
42000 0.002390
42500 0.002387
43000 0.002383
43500 0.002380
44000 0.002377
44500 0.002375
45000 0.002372
45500 0.002370
46000 0.002368
46500 0.002367
47000 0.002366
47500 0.002365
48000 0.002364
48500 0.002364
49000 0.002363
49500 0.002364
50000 0.002364
50500 0.002365
51000 0.002367
51500 0.002368
52000 0.002370
52500 0.002372
53000 0.002375
53500 0.002377
54000 0.002380
54500 0.002382
55000 0.002385
55500 0.002388
56000 0.002390
56500 0.002393
57000 0.002395
57500 0.002396
58000 0.002398
58500 0.002399
59000 0.002400
59500 0.002401
60000 0.002401
60500 0.002401
61000 0.002400
61500 0.002400
62000 0.002399
62500 0.002398
63000 0.002396
63500 0.002395
64000 0.002393
64500 0.002391
65000 0.002390
65500 0.002388
66000 0.002386
66500 0.002385
67000 0.002383
67500 0.002381
68000 0.002380
68500 0.002379
69000 0.002377
69500 0.002376
70000 0.002375
70500 0.002375
71000 0.002374
71500 0.002374
72000 0.002374
72500 0.002374
73000 0.002374
73500 0.002374
74000 0.002375
74500 0.002376
75000 0.002377
75500 0.002378
76000 0.002379
76500 0.002380
77000 0.002381
77500 0.002382
78000 0.002383
78500 0.002385
79000 0.002386
79500 0.002387
80000 0.002388
80500 0.002389
81000 0.002389
81500 0.002390
82000 0.002391
82500 0.002391
83000 0.002391
83500 0.002391
84000 0.002391
84500 0.002390
85000 0.002390
85500 0.002389
86000 0.002388
86500 0.002388
87000 0.002387
87500 0.002386
88000 0.002385
88500 0.002384
89000 0.002383
89500 0.002381
90000 0.002380
90500 0.002379
91000 0.002378
91500 0.002377
92000 0.002377
92500 0.002376
93000 0.002375
93500 0.002375
94000 0.002374
94500 0.002374
95000 0.002373
95500 0.002373
96000 0.002373
96500 0.002373
97000 0.002373
97500 0.002373
98000 0.002373
98500 0.002373
99000 0.002373
99500 0.002374
100000 0.002374
100500 0.002374
101000 0.002374
101500 0.002374
102000 0.002375
102500 0.002375
103000 0.002375
103500 0.002375
104000 0.002375
104500 0.002374
105000 0.002374
105500 0.002374
106000 0.002373
106500 0.002373
107000 0.002372
107500 0.002371
108000 0.002371
108500 0.002370
109000 0.002369
109500 0.002368
110000 0.002367
110500 0.002366
111000 0.002365
111500 0.002363
112000 0.002362
112500 0.002361
113000 0.002360
113500 0.002359
114000 0.002358
114500 0.002357
115000 0.002356
115500 0.002355
116000 0.002354
116500 0.002353
117000 0.002352
117500 0.002351
118000 0.002351
118500 0.002350
119000 0.002349
119500 0.002348
120000 0.002348
120500 0.002347
121000 0.002347
121500 0.002346
122000 0.002345
122500 0.002345
123000 0.002344
123500 0.002344
124000 0.002343
124500 0.002343
125000 0.002342
125500 0.002341
126000 0.002341
126500 0.002340
127000 0.002340
127500 0.002339
128000 0.002338
128500 0.002338
129000 0.002337
129500 0.002336
130000 0.002336
130500 0.002335
131000 0.002334
131500 0.002334
132000 0.002333
132500 0.002332
133000 0.002332
133500 0.002331
134000 0.002330
134500 0.002330
135000 0.002329
135500 0.002329
136000 0.002328
136500 0.002327
137000 0.002327
137500 0.002326
138000 0.002326
138500 0.002325
139000 0.002325
139500 0.002324
140000 0.002324
140500 0.002323
141000 0.002323
141500 0.002322
142000 0.002322
142500 0.002321
143000 0.002321
143500 0.002320
144000 0.002320
144500 0.002319
145000 0.002319
145500 0.002318
146000 0.002318
146500 0.002318
147000 0.002317
147500 0.002317
148000 0.002316
148500 0.002316
149000 0.002316
149500 0.002315
150000 0.002315
150500 0.002315
151000 0.002314
151500 0.002314
152000 0.002314
152500 0.002313
153000 0.002313
153500 0.002313
154000 0.002312
154500 0.002312
155000 0.002312
155500 0.002311
156000 0.002311
156500 0.002311
157000 0.002311
157500 0.002310
158000 0.002310
158500 0.002310
159000 0.002310
159500 0.002309
160000 0.002309
160500 0.002309
161000 0.002309
161500 0.002308
162000 0.002308
162500 0.002308
163000 0.002308
163500 0.002308
164000 0.002307
164500 0.002307
165000 0.002307
165500 0.002307
166000 0.002307
166500 0.002307
167000 0.002306
167500 0.002306
168000 0.002306
168500 0.002306
169000 0.002306
169500 0.002306
170000 0.002306
170500 0.002306
171000 0.002305
171500 0.002305
172000 0.002305
172500 0.002305
173000 0.002305
173500 0.002305
174000 0.002305
174500 0.002305
175000 0.002305
